1.000000000000000038e-25,0.000000000000000000e+00
2.000000000000000042e-02,3.386787005760086844e-01
4.000000000000000083e-02,1.919223356041369066e-01
5.999999999999999778e-02,1.526829946271185956e-01
8.000000000000000167e-02,1.350447802468637548e-01
1.000000000000000056e-01,1.252264242349302448e-01
1.199999999999999956e-01,1.191041763176600154e-01
1.400000000000000133e-01,1.150253379589410707e-01
1.600000000000000033e-01,1.122007562464159836e-01
1.799999999999999933e-01,1.102063183387483047e-01
2.000000000000000111e-01,1.087936388186172831e-01
2.200000000000000011e-01,1.078073513655846971e-01
2.399999999999999911e-01,1.071450355434374335e-01
2.600000000000000089e-01,1.067361868879363740e-01
2.800000000000000266e-01,1.065304554291874040e-01
2.999999999999999889e-01,1.064907166789390014e-01
3.200000000000000067e-01,1.065888087578941573e-01
3.400000000000000244e-01,1.068028117422843842e-01
3.599999999999999867e-01,1.071152557166823033e-01
3.800000000000000044e-01,1.075119077989708516e-01
4.000000000000000222e-01,1.079809311671447308e-01
4.199999999999999845e-01,1.085122895374060481e-01
4.400000000000000022e-01,1.090973174569689064e-01
4.600000000000000200e-01,1.097284050012535539e-01
4.799999999999999822e-01,1.103987629207281718e-01
5.000000000000000000e-01,1.111022453463936521e-01
5.200000000000000178e-01,1.118332143325694028e-01
5.400000000000000355e-01,1.125864352561977699e-01
5.600000000000000533e-01,1.133569952842885392e-01
5.799999999999999600e-01,1.141402393074230637e-01
5.999999999999999778e-01,1.149317192578931252e-01
6.199999999999999956e-01,1.157271538040648834e-01
6.400000000000000133e-01,1.165223961799727592e-01
6.600000000000000311e-01,1.173134084650105241e-01
6.800000000000000488e-01,1.180962410360927028e-01
7.000000000000000666e-01,1.188670162169097738e-01
7.199999999999999734e-01,1.196219153755985060e-01
7.399999999999999911e-01,1.203571688940513057e-01
7.600000000000000089e-01,1.210690485638404590e-01
7.800000000000000266e-01,1.217538620657630244e-01
8.000000000000000444e-01,1.224079492698118693e-01
8.200000000000000622e-01,1.230276801553651239e-01
8.399999999999999689e-01,1.236094542014736786e-01
8.599999999999999867e-01,1.241497011372046100e-01
8.800000000000000044e-01,1.246448829741334252e-01
9.000000000000000222e-01,1.250914972687654225e-01
9.200000000000000400e-01,1.254860815830165788e-01
9.400000000000000577e-01,1.258252191266128195e-01
9.599999999999999645e-01,1.261055455769132805e-01
9.799999999999999822e-01,1.263237570795396336e-01
1.000000000000000000e+00,1.264766194375005481e-01
1.020000000000000018e+00,1.265609784973039387e-01
1.040000000000000036e+00,1.265737717378865868e-01
1.060000000000000053e+00,1.265120410620103608e-01
1.080000000000000071e+00,1.263729467800516204e-01
1.100000000000000089e+00,1.261537827627611519e-01
1.120000000000000107e+00,1.258519927226165458e-01
1.140000000000000124e+00,1.254651875628251534e-01
1.159999999999999920e+00,1.249911637090074523e-01
1.179999999999999938e+00,1.244279223112478849e-01
1.199999999999999956e+00,1.237736891739159434e-01
1.219999999999999973e+00,1.230269352378695336e-01
1.239999999999999991e+00,1.221863974049827439e-01
1.260000000000000009e+00,1.212510994591755875e-01
1.280000000000000027e+00,1.202203728022464280e-01
1.300000000000000044e+00,1.190938766879473254e-01
1.320000000000000062e+00,1.178716176052065634e-01
1.340000000000000080e+00,1.165539674326294683e-01
1.360000000000000098e+00,1.151416799629569887e-01
1.380000000000000115e+00,1.136359053796210106e-01
1.400000000000000133e+00,1.120382022594841875e-01
1.419999999999999929e+00,1.103505466778106070e-01
1.439999999999999947e+00,1.085753380047719541e-01
1.459999999999999964e+00,1.067154010084738480e-01
1.479999999999999982e+00,1.047739839182222077e-01
1.500000000000000000e+00,1.027547521538614839e-01
1.520000000000000018e+00,1.006617774922459740e-01
1.540000000000000036e+00,9.849952251937654779e-02
1.560000000000000053e+00,9.627282030507876287e-02
1.580000000000000071e+00,9.398684933424733545e-02
1.600000000000000089e+00,9.164710383201377097e-02
1.620000000000000107e+00,8.925935972666806939e-02
1.640000000000000124e+00,8.682963660025390384e-02
1.660000000000000142e+00,8.436415607879382828e-02
1.679999999999999938e+00,8.186929720829266843e-02
1.699999999999999956e+00,7.935154944539149491e-02
1.719999999999999973e+00,7.681746395945758532e-02
1.739999999999999991e+00,7.427360399319735129e-02
1.760000000000000009e+00,7.172649505939182601e-02
1.780000000000000027e+00,6.918257576071970560e-02
1.800000000000000044e+00,6.664815000736609707e-02
1.820000000000000062e+00,6.412934137360333520e-02
1.840000000000000080e+00,6.163205028108982575e-02
1.860000000000000098e+00,5.916191462537405410e-02
1.880000000000000115e+00,5.672427437579000142e-02
1.900000000000000133e+00,5.432414058095209886e-02
1.919999999999999929e+00,5.196616910606370598e-02
1.939999999999999947e+00,4.965463931811112119e-02
1.959999999999999964e+00,4.739343782452845599e-02
1.979999999999999982e+00,4.518604726368595503e-02
2.000000000000000000e+00,4.303554004482412765e-02
2.020000000000000018e+00,4.094457684354744359e-02
2.040000000000000036e+00,3.891540957889931540e-02
2.060000000000000053e+00,3.694988853089496011e-02
2.080000000000000071e+00,3.504947320411746364e-02
2.100000000000000089e+00,3.321524650389785782e-02
2.120000000000000107e+00,3.144793176647080191e-02
2.140000000000000124e+00,2.974791217260940035e-02
2.160000000000000142e+00,2.811525207450352865e-02
2.180000000000000160e+00,2.654971977666513439e-02
2.200000000000000178e+00,2.505081133185046993e-02
2.220000000000000195e+00,2.361777494068601629e-02
2.240000000000000213e+00,2.224963557718208362e-02
2.260000000000000231e+00,2.094521949995491530e-02
2.280000000000000249e+00,1.970317834920314731e-02
2.300000000000000266e+00,1.852201257090590331e-02
2.319999999999999840e+00,1.740009395109234913e-02
2.339999999999999858e+00,1.633568708334633829e-02
2.359999999999999876e+00,1.532696963112055791e-02
2.379999999999999893e+00,1.437205128228307566e-02
2.399999999999999911e+00,1.346899132615691011e-02
2.419999999999999929e+00,1.261581481281964442e-02
2.439999999999999947e+00,1.181052728045875466e-02
2.459999999999999964e+00,1.105112805908771423e-02
2.479999999999999982e+00,1.033562217798334598e-02
2.500000000000000000e+00,9.662030919951575259e-03
2.520000000000000018e+00,9.028401078171790356e-03
2.540000000000000036e+00,8.432812981155470705e-03
2.560000000000000053e+00,7.873387358555444804e-03
2.580000000000000071e+00,7.348291125469027379e-03
2.600000000000000089e+00,6.855742165774801611e-03
2.620000000000000107e+00,6.394013196220278347e-03
2.640000000000000124e+00,5.961434792699702584e-03
2.660000000000000142e+00,5.556397658688067877e-03
2.680000000000000160e+00,5.177354213357443155e-03
2.700000000000000178e+00,4.822819573706985455e-03
2.720000000000000195e+00,4.491372001276900880e-03
2.740000000000000213e+00,4.181652879851387172e-03
2.760000000000000231e+00,3.892366286127792001e-03
2.780000000000000249e+00,3.622278210759742600e-03
2.800000000000000266e+00,3.370215482570124675e-03
2.819999999999999840e+00,3.135064444157809396e-03
2.839999999999999858e+00,2.915769422655437905e-03
2.859999999999999876e+00,2.711331035086910791e-03
2.879999999999999893e+00,2.520804363658750869e-03
2.899999999999999911e+00,2.343297032429958286e-03
2.919999999999999929e+00,2.177967213156611990e-03
2.939999999999999947e+00,2.024021584712506257e-03
2.959999999999999964e+00,1.880713267350117741e-03
2.979999999999999982e+00,1.747339750184638465e-03
3.000000000000000000e+00,1.623240827655948737e-03
3.020000000000000018e+00,1.507796558338275186e-03
3.040000000000000036e+00,1.400425257316146319e-03
3.060000000000000053e+00,1.300581531415420872e-03
3.080000000000000071e+00,1.207754364856714405e-03
3.100000000000000089e+00,1.121465261370949065e-03
3.120000000000000107e+00,1.041266447469045434e-03
3.140000000000000124e+00,9.667391403756326555e-04
3.160000000000000142e+00,8.974918831064465207e-04
3.180000000000000160e+00,8.331589482760929245e-04
3.200000000000000178e+00,7.733988114554722713e-04
3.220000000000000195e+00,7.178926942429218619e-04
3.240000000000000213e+00,6.663431766589503940e-04
3.260000000000000231e+00,6.184728780103997473e-04
3.280000000000000249e+00,5.740232049857346610e-04
3.300000000000000266e+00,5.327531654297792095e-04
3.320000000000000284e+00,4.944382459951857404e-04
3.339999999999999858e+00,4.588693516712471230e-04
3.359999999999999876e+00,4.258518050415326084e-04
3.379999999999999893e+00,3.952044030137402382e-04
3.399999999999999911e+00,3.667585286925497149e-04
3.419999999999999929e+00,3.403573160238091257e-04
3.439999999999999947e+00,3.158548648217706354e-04
3.459999999999999964e+00,2.931155037960527150e-04
3.479999999999999982e+00,2.720130992180812193e-04
3.500000000000000000e+00,2.524304069047317994e-04
3.520000000000000018e+00,2.342584652470553917e-04
3.540000000000000036e+00,2.173960270717750147e-04
3.560000000000000053e+00,2.017490281907562437e-04
3.580000000000000071e+00,1.872300905669128642e-04
3.600000000000000089e+00,1.737580581024759680e-04
3.620000000000000107e+00,1.612575631360033145e-04
3.640000000000000124e+00,1.496586218165276805e-04
3.660000000000000142e+00,1.388962566062589259e-04
3.680000000000000160e+00,1.289101442460001109e-04
3.700000000000000178e+00,1.196442875996857200e-04
3.720000000000000195e+00,1.110467098752616888e-04
3.740000000000000213e+00,1.030691697983708512e-04
3.760000000000000231e+00,9.566689639235428011e-05
3.780000000000000249e+00,8.879834209289073021e-05
3.800000000000000266e+00,8.242495299776863996e-05
3.820000000000000284e+00,7.651095512177961077e-05
3.839999999999999858e+00,7.102315559337757909e-05
3.859999999999999876e+00,6.593075779355148829e-05
3.879999999999999893e+00,6.120518949821393551e-05
3.899999999999999911e+00,5.681994314338946310e-05
3.919999999999999929e+00,5.275042738755467630e-05
3.939999999999999947e+00,4.897382919774126583e-05
3.959999999999999964e+00,4.546898573547855920e-05
3.979999999999999982e+00,4.221626536541343063e-05
4.000000000000000000e+00,3.919745715360408638e-05
4.020000000000000462e+00,3.639566826410647925e-05
4.040000000000000036e+00,3.379522870166132547e-05
4.060000000000000497e+00,3.138160288515860833e-05
4.080000000000000071e+00,2.914130757119399556e-05
4.099999999999999645e+00,2.706183567953797706e-05
4.120000000000000107e+00,2.513158560283591071e-05
4.139999999999999680e+00,2.333979561142693424e-05
4.160000000000000142e+00,2.167648299091739622e-05
4.179999999999999716e+00,2.013238757518028596e-05
4.200000000000000178e+00,1.869891936085221737e-05
4.219999999999999751e+00,1.736810991126612404e-05
4.240000000000000213e+00,1.613256727818974175e-05
4.259999999999999787e+00,1.498543418878402349e-05
4.280000000000000249e+00,1.392034926299932918e-05
4.299999999999999822e+00,1.293141104318961670e-05
4.320000000000000284e+00,1.201314463319160799e-05
4.339999999999999858e+00,1.116047075850730511e-05
4.360000000000000320e+00,1.036867707263652936e-05
4.379999999999999893e+00,9.633391547094118806e-06
4.400000000000000355e+00,8.950557794254647231e-06
4.419999999999999929e+00,8.316412182982349050e-06
4.440000000000000391e+00,7.727462617047011541e-06
4.459999999999999964e+00,7.180468855682143059e-06
4.480000000000000426e+00,6.672424264319548881e-06
4.500000000000000000e+00,6.200538891612166713e-06
4.520000000000000462e+00,5.762223776361098963e-06
4.540000000000000036e+00,5.355076394923419551e-06
4.560000000000000497e+00,4.976867166155291056e-06
4.580000000000000071e+00,4.625526936951768886e-06
4.600000000000000533e+00,4.299135377022979111e-06
4.620000000000000107e+00,3.995910216728704921e-06
4.639999999999999680e+00,3.714197266595031310e-06
4.660000000000000142e+00,3.452461161603680821e-06
4.679999999999999716e+00,3.209276777477848830e-06
4.700000000000000178e+00,2.983321270034149996e-06
4.719999999999999751e+00,2.773366692228041045e-06
4.740000000000000213e+00,2.578273146828115467e-06
4.759999999999999787e+00,2.396982435718394483e-06
4.780000000000000249e+00,2.228512169670282498e-06
4.799999999999999822e+00,2.071950305063111435e-06
4.820000000000000284e+00,1.926450076474905810e-06
4.839999999999999858e+00,1.791225296334171189e-06
4.860000000000000320e+00,1.665545994922848493e-06
4.879999999999999893e+00,1.548734375970581980e-06
4.900000000000000355e+00,1.440161064886518230e-06
4.919999999999999929e+00,1.339241628349284249e-06
4.940000000000000391e+00,1.245433345529053298e-06
4.959999999999999964e+00,1.158232212653883329e-06
4.980000000000000426e+00,1.077170163967263675e-06
5.000000000000000000e+00,1.001812493360377142e-06
5.020000000000000462e+00,9.317554621085971705e-07
5.040000000000000036e+00,8.666240792044704584e-07
5.060000000000000497e+00,8.060700417642718535e-07
5.080000000000000071e+00,7.497698238980939094e-07
5.100000000000000533e+00,6.974229032794561306e-07
5.120000000000000107e+00,6.487501154348993550e-07
5.139999999999999680e+00,6.034921265008692650e-07
5.160000000000000142e+00,5.614080158688790867e-07
5.179999999999999716e+00,5.222739607647340043e-07
5.200000000000000178e+00,4.858820153863685311e-07
5.219999999999999751e+00,4.520389777614543611e-07
5.240000000000000213e+00,4.205653379832433485e-07
5.259999999999999787e+00,3.912943019443616814e-07
5.280000000000000249e+00,3.640708851154857272e-07
5.299999999999999822e+00,3.387510713119355594e-07
5.320000000000000284e+00,3.152010317586788325e-07
5.339999999999999858e+00,2.932964001044739203e-07
5.360000000000000320e+00,2.729215993514859183e-07
5.379999999999999893e+00,2.539692169594558769e-07
5.400000000000000355e+00,2.363394246544917033e-07
5.419999999999999929e+00,2.199394397241362215e-07
5.440000000000000391e+00,2.046830248135392147e-07
5.459999999999999964e+00,1.904900234536144505e-07
5.480000000000000426e+00,1.772859287524794207e-07
5.500000000000000000e+00,1.650014828673807808e-07
5.520000000000000462e+00,1.535723050464972532e-07
5.540000000000000036e+00,1.429385461898541777e-07
5.560000000000000497e+00,1.330445680266330774e-07
5.580000000000000071e+00,1.238386451436938297e-07
5.600000000000000533e+00,1.152726882273418389e-07
5.620000000000000107e+00,1.073019869986720602e-07
5.639999999999999680e+00,9.988497143228606853e-08
5.660000000000000142e+00,9.298298994988756843e-08
5.679999999999999716e+00,8.656010337442775643e-08
5.700000000000000178e+00,8.058289351796976276e-08
5.719999999999999751e+00,7.502028535747049003e-08
5.740000000000000213e+00,6.984338182791024324e-08
5.759999999999999787e+00,6.502531033200025582e-08
5.780000000000000249e+00,6.054108013036785831e-08
5.799999999999999822e+00,5.636744983619097710e-08
5.820000000000000284e+00,5.248280429397331724e-08
5.839999999999999858e+00,4.886704017378078301e-08
5.860000000000000320e+00,4.550145966025474008e-08
5.879999999999999893e+00,4.236867166015940495e-08
5.900000000000000355e+00,3.945249999355451808e-08
5.919999999999999929e+00,3.673789807192653235e-08
5.940000000000000391e+00,3.421086960217751578e-08
5.959999999999999964e+00,3.185839488837980806e-08
5.980000000000000426e+00,2.966836233374597068e-08
6.000000000000000000e+00,2.762950477374666798e-08
6.020000000000000462e+00,2.573134029759834549e-08
6.040000000000000036e+00,2.396411723986143636e-08
6.060000000000000497e+00,2.231876304657408354e-08
6.080000000000000071e+00,2.078683674142909482e-08
6.100000000000000533e+00,1.936048473706736943e-08
6.120000000000000107e+00,1.803239975472701938e-08
6.140000000000000568e+00,1.679578263234709688e-08
6.160000000000000142e+00,1.564430681686487218e-08
6.179999999999999716e+00,1.457208535099464958e-08
6.200000000000000178e+00,1.357364017825179126e-08
6.219999999999999751e+00,1.264387360251257766e-08
6.240000000000000213e+00,1.177804175004291468e-08
6.259999999999999787e+00,1.097172989270495406e-08
6.280000000000000249e+00,1.022082950109725467e-08
6.299999999999999822e+00,9.521516905682786085e-09
6.320000000000000284e+00,8.870233452608449695e-09
6.339999999999999858e+00,8.263667048950131771e-09
6.360000000000000320e+00,7.698734999573250789e-09
6.379999999999999893e+00,7.172568044720487868e-09
6.400000000000000355e+00,6.682495513878524665e-09
6.419999999999999929e+00,6.226031517438271692e-09
6.440000000000000391e+00,5.800862103223657690e-09
6.459999999999999964e+00,5.404833310108372136e-09
6.480000000000000426e+00,5.035940055734316581e-09
6.500000000000000000e+00,4.692315799788554117e-09
6.520000000000000462e+00,4.372222928431416212e-09
6.540000000000000036e+00,4.074043809301572056e-09
6.560000000000000497e+00,3.796272470095317060e-09
6.580000000000000071e+00,3.537506857025189467e-09
6.600000000000000533e+00,3.296441632544886362e-09
6.620000000000000107e+00,3.071861474586339625e-09
6.640000000000000568e+00,2.862634842210309440e-09
6.660000000000000142e+00,2.667708175046234765e-09
6.679999999999999716e+00,2.486100496183863539e-09
6.700000000000000178e+00,2.316898390321340845e-09
6.719999999999999751e+00,2.159251330944746856e-09
6.740000000000000213e+00,2.012367332167862590e-09
6.759999999999999787e+00,1.875508902560411782e-09
6.780000000000000249e+00,1.747989279893990991e-09
6.799999999999999822e+00,1.629168927205199757e-09
6.820000000000000284e+00,1.518452271955542074e-09
6.839999999999999858e+00,1.415284671341355892e-09
6.860000000000000320e+00,1.319149587995469205e-09
6.879999999999999893e+00,1.229565961426360593e-09
6.900000000000000355e+00,1.146085761565175286e-09
6.919999999999999929e+00,1.068291711746582978e-09
6.940000000000000391e+00,9.957951693330748831e-10
6.959999999999999964e+00,9.282341530208689617e-10
6.980000000000000426e+00,8.652715066267962948e-10
7.000000000000000000e+00,8.065931898730837623e-10
7.020000000000000462e+00,7.519066873451134501e-10
7.040000000000000036e+00,7.009395274160871543e-10
7.060000000000000497e+00,6.534379035039285158e-10
7.080000000000000071e+00,6.091653905583185983e-10
7.100000000000000533e+00,5.679017501717653083e-10
7.120000000000000107e+00,5.294418181680635958e-10
7.140000000000000568e+00,4.935944689505762296e-10
7.160000000000000142e+00,4.601816512902217567e-10
7.179999999999999716e+00,4.290374906047496627e-10
7.200000000000000178e+00,4.000074531235554447e-10
7.219999999999999751e+00,3.729475676544041796e-10
7.240000000000000213e+00,3.477237009648429625e-10
7.259999999999999787e+00,3.242108830697498177e-10
7.280000000000000249e+00,3.022926789729162449e-10
7.299999999999999822e+00,2.818606036510847319e-10
7.320000000000000284e+00,2.628135772920335676e-10
7.339999999999999858e+00,2.450574180048039295e-10
7.360000000000000320e+00,2.285043694147224527e-10
7.379999999999999893e+00,2.130726607337916675e-10
7.400000000000000355e+00,1.986860970652774524e-10
7.419999999999999929e+00,1.852736778561121270e-10
7.440000000000000391e+00,1.727692415555666653e-10
7.459999999999999964e+00,1.611111346728880300e-10
7.480000000000000426e+00,1.502419035520563175e-10
7.500000000000000000e+00,1.401080072980279931e-10
7.520000000000000462e+00,1.306595503973951468e-10
7.540000000000000036e+00,1.218500336768941067e-10
7.560000000000000497e+00,1.136361223373601378e-10
7.580000000000000071e+00,1.059774298876132271e-10
7.600000000000000533e+00,9.883631688458760378e-11
7.620000000000000107e+00,9.217770346081294625e-11
7.640000000000000568e+00,8.596889469141613991e-11
7.660000000000000142e+00,8.017941791782078362e-11
7.679999999999999716e+00,7.478087120655854513e-11
7.700000000000000178e+00,6.974678217796790409e-11
7.719999999999999751e+00,6.505247649269695394e-11
7.740000000000000213e+00,6.067495533273495855e-11
7.759999999999999787e+00,5.659278125964174952e-11
7.780000000000000249e+00,5.278597187502861666e-11
7.799999999999999822e+00,4.923590074801577131e-11
7.820000000000000284e+00,4.592520511129250610e-11
7.839999999999999858e+00,4.283769986165048293e-11
7.860000000000000320e+00,3.995829743288206069e-11
7.879999999999999893e+00,3.727293313856682528e-11
7.900000000000000355e+00,3.476849561010015701e-11
7.919999999999999929e+00,3.243276198089885149e-11
7.940000000000000391e+00,3.025433749187754388e-11
7.959999999999999964e+00,2.822259921556045161e-11
7.980000000000000426e+00,2.632764361691832299e-11
8.000000000000000000e+00,2.456023768854601254e-11
8.019999999999999574e+00,2.291177341559417467e-11
8.040000000000000924e+00,2.137422534288470954e-11
8.060000000000000497e+00,1.994011103207289803e-11
8.080000000000000071e+00,1.860245421141735485e-11
8.099999999999999645e+00,1.735475043411685996e-11
8.120000000000000995e+00,1.619093507393438019e-11
8.140000000000000568e+00,1.510535349847751234e-11
8.160000000000000142e+00,1.409273327146041999e-11
8.179999999999999716e+00,1.314815824548647868e-11
8.199999999999999289e+00,1.226704441635516685e-11
8.220000000000000639e+00,1.144511741870634273e-11
8.240000000000000213e+00,1.067839155110282824e-11
8.259999999999999787e+00,9.963150226234546607e-12
8.279999999999999361e+00,9.295927749130282055e-12
8.300000000000000711e+00,8.673492332869385747e-12
8.320000000000000284e+00,8.092830267475239060e-12
8.339999999999999858e+00,7.551131163456770714e-12
8.359999999999999432e+00,7.045774196811597773e-12
8.380000000000000782e+00,6.574315287312642689e-12
8.400000000000000355e+00,6.134475146556455952e-12
8.419999999999999929e+00,5.724128136593132471e-12
8.439999999999999503e+00,5.341291883990859959e-12
8.460000000000000853e+00,4.984117597955820823e-12
8.480000000000000426e+00,4.650881044635397150e-12
8.500000000000000000e+00,4.339974132993204680e-12
8.519999999999999574e+00,4.049897070695640745e-12
8.540000000000000924e+00,3.779251051276567763e-12
8.560000000000000497e+00,3.526731436484024985e-12
8.580000000000000071e+00,3.291121400188805001e-12
8.599999999999999645e+00,3.071286002499065753e-12
8.620000000000000995e+00,2.866166664891825241e-12
8.640000000000000568e+00,2.674776019132058047e-12
8.660000000000000142e+00,2.496193104622857849e-12
8.679999999999999716e+00,2.329558890548035536e-12
8.700000000000001066e+00,2.174072100776011581e-12
8.720000000000000639e+00,2.028985320998301285e-12
8.740000000000000213e+00,1.893601368968171019e-12
8.759999999999999787e+00,1.767269910004264978e-12
8.779999999999999361e+00,1.649384301143682456e-12
8.800000000000000711e+00,1.539378648449350258e-12
8.820000000000000284e+00,1.436725063037531745e-12
8.839999999999999858e+00,1.340931102366252986e-12
8.859999999999999432e+00,1.251537384241186109e-12
8.880000000000000782e+00,1.168115361850722818e-12
8.900000000000000355e+00,1.090265248928608895e-12
8.919999999999999929e+00,1.017614084890022297e-12
8.939999999999999503e+00,9.498139304692844977e-13
8.960000000000000853e+00,8.865401850356441563e-13
8.980000000000000426e+00,8.274900173572187420e-13
9.000000000000000000e+00,7.723809021460156931e-13
9.019999999999999574e+00,7.209492552315533058e-13
9.040000000000000924e+00,6.729491607011703444e-13
9.060000000000000497e+00,6.281511837899398393e-13
9.080000000000000071e+00,5.863412637321141238e-13
9.099999999999999645e+00,5.473196811703066734e-13
9.120000000000000995e+00,5.109000950911546455e-13
9.140000000000000568e+00,4.769086445910397845e-13
9.160000000000000142e+00,4.451831110988469260e-13
9.179999999999999716e+00,4.155721369748604070e-13
9.200000000000001066e+00,3.879344966821877685e-13
9.220000000000000639e+00,3.621384169851192417e-13
9.240000000000000213e+00,3.380609428675595573e-13
9.259999999999999787e+00,3.155873460892558698e-13
9.279999999999999361e+00,2.946105735048969654e-13
9.300000000000000711e+00,2.750307324666784842e-13
9.320000000000000284e+00,2.567546108105113955e-13
9.339999999999999858e+00,2.396952290970241590e-13
9.359999999999999432e+00,2.237714229333967815e-13
9.380000000000000782e+00,2.089074533510779524e-13
9.400000000000000355e+00,1.950326433494775615e-13
9.419999999999999929e+00,1.820810388447384046e-13
9.439999999999999503e+00,1.699910923801442406e-13
9.460000000000000853e+00,1.587053680671869810e-13
9.480000000000000426e+00,1.481702663278611983e-13
9.500000000000000000e+00,1.383357671069533124e-13
9.519999999999999574e+00,1.291551903114056288e-13
9.540000000000000924e+00,1.205849723186423924e-13
9.560000000000000497e+00,1.125844574729876550e-13
9.580000000000000071e+00,1.051157035634156998e-13
9.599999999999999645e+00,9.814330034196563414e-14
9.620000000000000995e+00,9.163420020725964499e-14
9.640000000000000568e+00,8.555756023538885024e-14
9.660000000000000142e+00,7.988459479597817470e-14
9.679999999999999716e+00,7.458843804249509559e-14
9.700000000000001066e+00,6.964401561387601599e-14
9.720000000000000639e+00,6.502792492870743690e-14
9.740000000000000213e+00,6.071832349550173318e-14
9.759999999999999787e+00,5.669482470081194147e-14
9.779999999999999361e+00,5.293840057348647689e-14
9.800000000000000711e+00,4.943129105709241807e-14
9.820000000000000284e+00,4.615691935368983371e-14
9.839999999999999858e+00,4.309981293198625827e-14
9.859999999999999432e+00,4.024552981993193615e-14
9.880000000000000782e+00,3.758058982742918946e-14
9.900000000000000355e+00,3.509241036869308324e-14
9.919999999999999929e+00,3.276924657598548249e-14
9.939999999999999503e+00,3.060013541704695395e-14
9.960000000000000853e+00,2.857484354815262546e-14
9.980000000000000426e+00,2.668381865233049867e-14
1.000000000000000000e+01,2.491814402941343530e-14
1.001999999999999957e+01,2.326949622021930712e-14
1.004000000000000092e+01,2.173010546151015354e-14
1.006000000000000050e+01,2.029271878241873032e-14
1.008000000000000007e+01,1.895056556535864675e-14
1.009999999999999964e+01,1.769732540663607307e-14
1.012000000000000099e+01,1.652709812272752309e-14
1.014000000000000057e+01,1.543437575882956207e-14
1.016000000000000014e+01,1.441401646558157086e-14
1.017999999999999972e+01,1.346122011914425457e-14
1.020000000000000107e+01,1.257150556795946202e-14
1.022000000000000064e+01,1.174068939747822743e-14
1.024000000000000021e+01,1.096486611137629183e-14
1.025999999999999979e+01,1.024038963453490576e-14
1.027999999999999936e+01,9.563856049523692773e-15
1.030000000000000071e+01,8.932087484083941600e-15
1.032000000000000028e+01,8.342117072782077028e-15
1.033999999999999986e+01,7.791174921036387164e-15
1.035999999999999943e+01,7.276675004578189620e-15
1.038000000000000078e+01,6.796202941898406919e-15
1.040000000000000036e+01,6.347504581358475931e-15
1.041999999999999993e+01,5.928475348613280836e-15
1.043999999999999950e+01,5.537150303559710775e-15
1.046000000000000085e+01,5.171694859500857080e-15
1.048000000000000043e+01,4.830396120291017560e-15
1.050000000000000000e+01,4.511654794269554818e-15
1.051999999999999957e+01,4.213977646470227998e-15
1.054000000000000092e+01,3.935970453239370391e-15
1.056000000000000050e+01,3.676331425727183878e-15
1.058000000000000007e+01,3.433845071004567500e-15
1.059999999999999964e+01,3.207376461625915998e-15
1.062000000000000099e+01,2.995865886398578064e-15
1.064000000000000057e+01,2.798323856974814843e-15
1.066000000000000014e+01,2.613826446525042827e-15
1.067999999999999972e+01,2.441510938389533299e-15
1.070000000000000107e+01,2.280571764042505459e-15
1.072000000000000064e+01,2.130256711097740013e-15
1.074000000000000021e+01,1.989863383377062789e-15
1.075999999999999979e+01,1.858735896252527565e-15
1.077999999999999936e+01,1.736261791586932164e-15
1.080000000000000071e+01,1.621869157670512105e-15
1.082000000000000028e+01,1.515023940489892477e-15
1.083999999999999986e+01,1.415227433608105214e-15
1.085999999999999943e+01,1.322013934761224071e-15
1.088000000000000078e+01,1.234948558082549860e-15
1.090000000000000036e+01,1.153625191598375422e-15
1.091999999999999993e+01,1.077664590331584078e-15
1.093999999999999950e+01,1.006712595996151532e-15
1.096000000000000085e+01,9.404384748577609159e-16
1.098000000000000043e+01,8.785333659115247180e-16
1.100000000000000000e+01,8.207088320344247377e-16
1.101999999999999957e+01,7.666955072720890467e-16
1.104000000000000092e+01,7.162418338684522414e-16
1.106000000000000050e+01,6.691128830726671783e-16
1.108000000000000007e+01,6.250892541585759149e-16
1.109999999999999964e+01,5.839660464593412244e-16
1.112000000000000099e+01,5.455518995647657300e-16
1.114000000000000057e+01,5.096680971571119481e-16
1.116000000000000014e+01,4.761477302556586480e-16
1.117999999999999972e+01,4.448349159261280028e-16
1.120000000000000107e+01,4.155840677722482220e-16
1.122000000000000064e+01,3.882592147716532807e-16
1.124000000000000021e+01,3.627333652459753746e-16
1.125999999999999979e+01,3.388879129712790649e-16
1.127999999999999936e+01,3.166120826296178844e-16
1.130000000000000071e+01,2.958024119939126503e-16
1.132000000000000028e+01,2.763622684068865308e-16
1.133999999999999986e+01,2.582013972799357427e-16
1.135999999999999943e+01,2.412355004873845688e-16
1.138000000000000078e+01,2.253858426744421523e-16
1.140000000000000036e+01,2.105788836264908001e-16
1.141999999999999993e+01,1.967459349720671102e-16
1.143999999999999950e+01,1.838228396067886615e-16
1.146000000000000085e+01,1.717496723315079043e-16
1.148000000000000043e+01,1.604704602985059658e-16
1.150000000000000000e+01,1.499329219529205437e-16
1.151999999999999957e+01,1.400882232441175026e-16
1.154000000000000092e+01,1.308907499626905336e-16
1.156000000000000050e+01,1.222978951341770750e-16
1.158000000000000007e+01,1.142698604727003507e-16
1.159999999999999964e+01,1.067694709632265947e-16
1.162000000000000099e+01,9.976200170257742941e-17
1.164000000000000057e+01,9.321501618744697781e-17
1.166000000000000014e+01,8.709821529201711680e-17
1.167999999999999972e+01,8.138329622716500480e-17
1.170000000000000107e+01,7.604382082000954801e-17
1.172000000000000064e+01,7.105509249820384853e-17
1.174000000000000021e+01,6.639404140096011288e-17
1.175999999999999979e+01,6.203911708135245878e-17
1.177999999999999936e+01,5.797018829521360115e-17
1.180000000000000071e+01,5.416844940988916945e-17
1.182000000000000028e+01,5.061633299341897271e-17
1.183999999999999986e+01,4.729742817615912142e-17
1.185999999999999943e+01,4.419640440290956220e-17
1.188000000000000078e+01,4.129894021892263883e-17
1.190000000000000036e+01,3.859165675714728014e-17
1.191999999999999993e+01,3.606205561570917876e-17
1.193999999999999950e+01,3.369846083559455146e-17
1.196000000000000085e+01,3.148996470732716971e-17
1.198000000000000043e+01,2.942637715379778243e-17
1.200000000000000000e+01,2.749817845264135752e-17
1.201999999999999957e+01,2.569647507772663471e-17
1.204000000000000092e+01,2.401295845365692964e-17
1.206000000000000050e+01,2.243986643059602881e-17
1.208000000000000007e+01,2.096994730016935346e-17
1.209999999999999964e+01,1.959642618408571312e-17
1.212000000000000099e+01,1.831297363921428156e-17
1.214000000000000057e+01,1.711367633258666450e-17
1.216000000000000014e+01,1.599300964950295463e-17
1.217999999999999972e+01,1.494581210745676490e-17
1.220000000000000107e+01,1.396726145632820185e-17
1.222000000000000064e+01,1.305285235386398740e-17
1.224000000000000021e+01,1.219837551211264812e-17
1.225999999999999979e+01,1.139989821811876294e-17
1.228000000000000114e+01,1.065374613787061907e-17
1.230000000000000071e+01,9.956486319125631941e-18
1.232000000000000028e+01,9.304911313747583180e-18
1.233999999999999986e+01,8.696024345929288529e-18
1.235999999999999943e+01,8.127025457182367104e-18
1.238000000000000078e+01,7.595298563722566049e-18
1.240000000000000036e+01,7.098399366098933456e-18
1.241999999999999993e+01,6.634044054834298141e-18
1.243999999999999950e+01,6.200098759615846272e-18
1.246000000000000085e+01,5.794569693027507564e-18
1.248000000000000043e+01,5.415593943022675830e-18
1.250000000000000000e+01,5.061430871385183603e-18
1.251999999999999957e+01,4.730454078255983734e-18
1.254000000000000092e+01,4.421143895380856534e-18
1.256000000000000050e+01,4.132080373311272114e-18
1.258000000000000007e+01,3.861936729935137606e-18
1.259999999999999964e+01,3.609473230015963389e-18
1.262000000000000099e+01,3.373531467294911774e-18
1.264000000000000057e+01,3.153029022682236048e-18
1.266000000000000014e+01,2.946954473737860257e-18
1.267999999999999972e+01,2.754362732331594803e-18
1.270000000000000107e+01,2.574370688859035076e-18
1.272000000000000064e+01,2.406153142835336866e-18
1.274000000000000021e+01,2.248939001022439092e-18
1.275999999999999979e+01,2.102007725455348415e-18
1.278000000000000114e+01,1.964686014942355909e-18
1.280000000000000071e+01,1.836344704670336882e-18
1.282000000000000028e+01,1.716395869541781902e-18
1.283999999999999986e+01,1.604290117866812329e-18
1.285999999999999943e+01,1.499514062869044159e-18
1.288000000000000078e+01,1.401587960300584384e-18
1.290000000000000036e+01,1.310063501262979568e-18
1.291999999999999993e+01,1.224521749997717857e-18
1.293999999999999950e+01,1.144571217132885411e-18
1.296000000000000085e+01,1.069846059466324290e-18
1.298000000000000043e+01,1.000004397968509993e-18
1.300000000000000000e+01,9.347267462310099510e-19
1.301999999999999957e+01,8.737145421001037309e-19
1.304000000000000092e+01,8.166887757103735456e-19
1.306000000000000050e+01,7.633887075827355609e-19
1.308000000000000007e+01,7.135706708693454850e-19
1.309999999999999964e+01,6.670069522092151060e-19
1.312000000000000099e+01,6.234847460358294352e-19
1.314000000000000057e+01,5.828051775067190677e-19
1.316000000000000014e+01,5.447823895404236586e-19
1.317999999999999972e+01,5.092426897655172434e-19
1.320000000000000107e+01,4.760237534224116669e-19
1.322000000000000064e+01,4.449738785677124079e-19
1.324000000000000021e+01,4.159512901240684914e-19
1.325999999999999979e+01,3.888234895864962995e-19
1.328000000000000114e+01,3.634666473674498341e-19
1.330000000000000071e+01,3.397650350012396714e-19
1.332000000000000028e+01,3.176104945725901969e-19
1.333999999999999986e+01,2.969019429397300531e-19
1.335999999999999943e+01,2.775449084564452044e-19
1.338000000000000078e+01,2.594510980712732362e-19
1.340000000000000036e+01,2.425379927963018983e-19
1.341999999999999993e+01,2.267284696992027897e-19
1.343999999999999950e+01,2.119504486642067575e-19
1.346000000000000085e+01,1.981365623069887595e-19
1.348000000000000043e+01,1.852238475168798157e-19
1.350000000000000000e+01,1.731534572123269665e-19
1.351999999999999957e+01,1.618703909813752491e-19
1.354000000000000092e+01,1.513232433690053905e-19
1.356000000000000050e+01,1.414639686543520546e-19
1.358000000000000007e+01,1.322476610343371467e-19
1.359999999999999964e+01,1.236323492070689699e-19
1.362000000000000099e+01,1.155788044066833018e-19
1.364000000000000057e+01,1.080503610103173885e-19
1.366000000000000014e+01,1.010127488924270648e-19
1.367999999999999972e+01,9.443393675545588558e-20
1.370000000000000107e+01,8.828398571822290448e-20
1.372000000000000064e+01,8.253491248999059271e-20
1.374000000000000021e+01,7.716056150025092611e-20
1.375999999999999979e+01,7.213648539969005362e-20
1.378000000000000114e+01,6.743983338158030618e-20
1.380000000000000071e+01,6.304924681303897260e-20
1.382000000000000028e+01,5.894476169518878131e-20
1.383999999999999986e+01,5.510771750729576066e-20
1.385999999999999943e+01,5.152067201428563258e-20
1.388000000000000078e+01,4.816732164859026211e-20
1.390000000000000036e+01,4.503242710083275757e-20
1.391999999999999993e+01,4.210174377747287292e-20
1.393999999999999950e+01,3.936195680790774747e-20
1.396000000000000085e+01,3.680062030248210729e-20
1.398000000000000043e+01,3.440610058256350938e-20
1.400000000000000000e+01,3.216752312383397290e-20
1.401999999999999957e+01,3.007472296870462510e-20
1.404000000000000092e+01,2.811819838109961848e-20
1.406000000000000050e+01,2.628906753146643260e-20
1.408000000000000007e+01,2.457902801351619048e-20
1.409999999999999964e+01,2.298031900738094735e-20
1.412000000000000099e+01,2.148568591615534255e-20
1.414000000000000057e+01,2.008834731389992229e-20
1.416000000000000014e+01,1.878196405374870719e-20
1.417999999999999972e+01,1.756061039496870826e-20
1.420000000000000107e+01,1.641874701663816286e-20
1.422000000000000064e+01,1.535119579492175137e-20
1.424000000000000021e+01,1.435311622815545895e-20
1.425999999999999979e+01,1.341998340236493591e-20
1.428000000000000114e+01,1.254756739608667149e-20
1.430000000000000071e+01,1.173191403069480827e-20
1.432000000000000028e+01,1.096932687797529063e-20
1.433999999999999986e+01,1.025635044302883776e-20
1.435999999999999943e+01,9.589754445344357586e-21
1.438000000000000078e+01,8.966519126469229090e-21
1.440000000000000036e+01,8.383821517149711713e-21
1.441999999999999993e+01,7.839022601074819172e-21
1.443999999999999950e+01,7.329655316832337103e-21
1.446000000000000085e+01,6.853413343083965880e-21
1.448000000000000043e+01,6.408140615919258242e-21
1.450000000000000000e+01,5.991821530452598670e-21
1.451999999999999957e+01,5.602571782055078880e-21
1.454000000000000092e+01,5.238629805336803272e-21
1.456000000000000050e+01,4.898348771853190090e-21
1.458000000000000007e+01,4.580189110034701659e-21
1.459999999999999964e+01,4.282711513232436663e-21
1.462000000000000099e+01,4.004570403995902242e-21
1.464000000000000057e+01,3.744507824793841610e-21
1.466000000000000014e+01,3.501347727286450653e-21
1.467999999999999972e+01,3.273990634177822732e-21
1.470000000000000107e+01,3.061408649271120157e-21
1.472000000000000064e+01,2.862640793021510056e-21
1.474000000000000021e+01,2.676788642318382037e-21
1.475999999999999979e+01,2.503012254623772012e-21
1.478000000000000114e+01,2.340526357945334059e-21
1.480000000000000071e+01,2.188596789268820388e-21
1.482000000000000028e+01,2.046537165173396378e-21
1.483999999999999986e+01,1.913705769598063924e-21
1.485999999999999943e+01,1.789502644476479349e-21
1.488000000000000078e+01,1.673366870043464050e-21
1.490000000000000036e+01,1.564774022469136705e-21
1.491999999999999993e+01,1.463233797172339548e-21
1.493999999999999950e+01,1.368287787083071815e-21
1.496000000000000085e+01,1.279507405686366151e-21
1.498000000000000043e+01,1.196491945436972218e-21
1.500000000000000000e+01,1.118866762697698989e-21
1.501999999999999957e+01,1.046281580965816161e-21
1.504000000000000092e+01,9.784089046350357830e-22
1.506000000000000050e+01,9.149425361343074787e-22
1.508000000000000007e+01,8.555961896571659777e-22
1.509999999999999964e+01,8.001021952174364090e-22
1.512000000000000099e+01,7.482102871106983188e-22
1.514000000000000057e+01,6.996864713075225538e-22
1.516000000000000014e+01,6.543119666064945101e-22
1.517999999999999972e+01,6.118822147558523715e-22
1.520000000000000107e+01,5.722059550406179290e-22
1.522000000000000064e+01,5.351043591347326347e-22
1.524000000000000021e+01,5.004102222847691931e-22
1.525999999999999979e+01,4.679672071725120874e-22
1.528000000000000114e+01,4.376291369847521485e-22
1.530000000000000071e+01,4.092593345389584404e-22
1.532000000000000028e+01,3.827300043981864221e-22
1.533999999999999986e+01,3.579216552408550867e-22
1.535999999999999943e+01,3.347225598088608097e-22
1.538000000000000078e+01,3.130282500164187186e-22
1.540000000000000036e+01,2.927410449126077368e-22
1.541999999999999993e+01,2.737696093767689290e-22
1.543999999999999950e+01,2.560285415214357254e-22
1.546000000000000085e+01,2.394379869491066493e-22
1.548000000000000043e+01,2.239232781063974391e-22
1.550000000000000000e+01,2.094145971081477043e-22
1.551999999999999957e+01,1.958466604935139231e-22
1.554000000000000092e+01,1.831584244942257219e-22
1.556000000000000050e+01,1.712928094752523004e-22
1.558000000000000007e+01,1.601964422991759925e-22
1.559999999999999964e+01,1.498194154518290194e-22
1.562000000000000099e+01,1.401150618307352261e-22
1.564000000000000057e+01,1.310397441834367501e-22
1.566000000000000014e+01,1.225526582387774253e-22
1.567999999999999972e+01,1.146156486400024404e-22
1.570000000000000107e+01,1.071930368480493560e-22
1.572000000000000064e+01,1.002514602342149644e-22
1.574000000000000021e+01,9.375972163528452139e-23
1.575999999999999979e+01,8.768864868822466873e-23
1.578000000000000114e+01,8.201096231297768272e-23
1.580000000000000071e+01,7.670115373951024347e-23
1.582000000000000028e+01,7.173536953490999003e-23
1.583999999999999986e+01,6.709130409804778862e-23
1.586000000000000121e+01,6.274809914505487477e-23
1.588000000000000078e+01,5.868624972573463108e-23
1.590000000000000036e+01,5.488751634890783330e-23
1.591999999999999993e+01,5.133484281643404564e-23
1.593999999999999950e+01,4.801227939966270595e-23
1.596000000000000085e+01,4.490491100316906889e-23
1.598000000000000043e+01,4.199879000051050212e-23
1.600000000000000000e+01,3.928087342988569904e-23
1.601999999999999957e+01,3.673896427284654149e-23
1.603999999999999915e+01,3.436165654517110305e-23
1.605999999999999872e+01,3.213828395595659563e-23
1.608000000000000185e+01,3.005887190177377777e-23
1.610000000000000142e+01,2.811409257789764157e-23
1.612000000000000099e+01,2.629522300543541457e-23
1.614000000000000057e+01,2.459410578469227232e-23
1.616000000000000014e+01,2.300311239623345635e-23
1.617999999999999972e+01,2.151510888608075765e-23
1.619999999999999929e+01,2.012342377827673570e-23
1.621999999999999886e+01,1.882181807152685598e-23
1.624000000000000199e+01,1.760445718321108433e-23
1.626000000000000156e+01,1.646588471550562050e-23
1.628000000000000114e+01,1.540099792383168817e-23
1.630000000000000071e+01,1.440502477850523884e-23
1.632000000000000028e+01,1.347350251470989036e-23
1.633999999999999986e+01,1.260225757523660004e-23
1.635999999999999943e+01,1.178738685479941991e-23
1.637999999999999901e+01,1.102524016142862004e-23
1.639999999999999858e+01,1.031240381666474652e-23
1.642000000000000171e+01,9.645685319157247729e-24
1.644000000000000128e+01,9.022099004309603295e-24
1.646000000000000085e+01,8.438852633719058254e-24
1.648000000000000043e+01,7.893334855166602512e-24
1.650000000000000000e+01,7.383103476158719106e-24
1.651999999999999957e+01,6.905874497950058485e-24
1.653999999999999915e+01,6.459511861405740818e-24
1.655999999999999872e+01,6.042017857540470105e-24
1.658000000000000185e+01,5.651524160673215794e-24
1.660000000000000142e+01,5.286283442461666524e-24
1.662000000000000099e+01,4.944661530665714860e-24
1.664000000000000057e+01,4.625130075739300328e-24
1.666000000000000014e+01,4.326259693519115667e-24
1.667999999999999972e+01,4.046713552284933387e-24
1.669999999999999929e+01,3.785241375926627134e-24
1.671999999999999886e+01,3.540673835637175005e-24
1.674000000000000199e+01,3.311917305653026303e-24
1.676000000000000156e+01,3.097948958627524490e-24
1.678000000000000114e+01,2.897812179177748824e-24
1.680000000000000071e+01,2.710612274773147580e-24
1.682000000000000028e+01,2.535512464553748862e-24
1.683999999999999986e+01,2.371730128322202714e-24
1.685999999999999943e+01,2.218533298536587561e-24
1.687999999999999901e+01,2.075237379684921952e-24
1.689999999999999858e+01,1.941202080401006480e-24
1.692000000000000171e+01,1.815828544264541100e-24
1.694000000000000128e+01,1.698556666649571795e-24
1.696000000000000085e+01,1.588862585345356118e-24
1.698000000000000043e+01,1.486256333915379119e-24
1.700000000000000000e+01,1.390279646991149104e-24
1.701999999999999957e+01,1.300503907807817257e-24
1.703999999999999915e+01,1.216528228764619887e-24
1.705999999999999872e+01,1.137977656243765232e-24
1.708000000000000185e+01,1.064501491798342283e-24
1.710000000000000142e+01,9.957717220790237638e-25
1.712000000000000099e+01,9.314815504298349748e-25
1.714000000000000057e+01,8.713440236547260539e-25
1.716000000000000014e+01,8.150907476861422691e-25
1.717999999999999972e+01,7.624706864681284059e-25
1.719999999999999929e+01,7.132490385687397811e-25
1.721999999999999886e+01,6.672061866282630399e-25
1.724000000000000199e+01,6.241367147585670232e-25
1.726000000000000156e+01,5.838484896353469696e-25
1.728000000000000114e+01,5.461618010286104832e-25
1.730000000000000071e+01,5.109085580447320368e-25
1.732000000000000028e+01,4.779315373586048038e-25
1.733999999999999986e+01,4.470836801517420868e-25
1.735999999999999943e+01,4.182274345228863008e-25
1.737999999999999901e+01,3.912341405261074799e-25
1.740000000000000213e+01,3.659834549620228391e-25
1.742000000000000171e+01,3.423628134361551934e-25
1.744000000000000128e+01,3.202669272180315888e-25
1.746000000000000085e+01,2.995973126749354129e-25
1.748000000000000043e+01,2.802618511541932397e-25
1.750000000000000000e+01,2.621743773613278711e-25
1.751999999999999957e+01,2.452542943558230644e-25
1.753999999999999915e+01,2.294262134813386509e-25
1.755999999999999872e+01,2.146196175788100173e-25
1.758000000000000185e+01,2.007685460033194177e-25
1.760000000000000142e+01,1.878113000114355946e-25
1.762000000000000099e+01,1.756901672136287375e-25
1.764000000000000057e+01,1.643511638595516238e-25
1.766000000000000014e+01,1.537437937826778942e-25
1.767999999999999972e+01,1.438208229499725158e-25
1.769999999999999929e+01,1.345380685898168327e-25
1.771999999999999886e+01,1.258542019627531035e-25
1.774000000000000199e+01,1.177305638886446011e-25
1.776000000000000156e+01,1.101309921971715189e-25
1.778000000000000114e+01,1.030216603530853810e-25
1.780000000000000071e+01,9.637092650523970012e-26
1.782000000000000028e+01,9.014919230332950564e-26
1.783999999999999986e+01,8.432877084203386102e-26
1.785999999999999943e+01,7.888376314741216343e-26
1.787999999999999901e+01,7.378994264566161754e-26
1.790000000000000213e+01,6.902464710265641397e-26
1.792000000000000171e+01,6.456667755313823530e-26
1.794000000000000128e+01,6.039620376003208145e-26
1.796000000000000085e+01,5.649467579229060459e-26
1.798000000000000043e+01,5.284474130870234668e-26
1.800000000000000000e+01,4.943016819919113919e-26
1.801999999999999957e+01,4.623577221954164643e-26
1.803999999999999915e+01,4.324734930731194966e-26
1.805999999999999872e+01,4.045161226628113678e-26
1.808000000000000185e+01,3.783613155487310120e-26
1.810000000000000142e+01,3.538927988802983807e-26
1.812000000000000099e+01,3.310018043021385237e-26
1.814000000000000057e+01,3.095865832879282618e-26
1.816000000000000014e+01,2.895519538436757809e-26
1.817999999999999972e+01,2.708088764548279784e-26
1.819999999999999929e+01,2.532740574677750302e-26
1.821999999999999886e+01,2.368695780984476930e-26
1.824000000000000199e+01,2.215225473867378936e-26
1.826000000000000156e+01,2.071647775950286545e-26
1.828000000000000114e+01,1.937324805576320967e-26
1.830000000000000071e+01,1.811659836654856818e-26
1.832000000000000028e+01,1.694094641809571505e-26
1.833999999999999986e+01,1.584107007311180497e-26
1.835999999999999943e+01,1.481208408359712848e-26
1.837999999999999901e+01,1.384941834673348076e-26
1.840000000000000213e+01,1.294879756399532440e-26
1.842000000000000171e+01,1.210622221458063324e-26
1.844000000000000128e+01,1.131795075753291755e-26
1.846000000000000085e+01,1.058048298355168350e-26
1.848000000000000043e+01,9.890544441008815487e-27
1.850000000000000000e+01,9.245071869206089071e-27
1.851999999999999957e+01,8.641199570353537185e-27
1.853999999999999915e+01,8.076246663491315167e-27
1.855999999999999872e+01,7.547705159147587557e-27
1.858000000000000185e+01,7.053228806750028568e-27
1.860000000000000142e+01,6.590622659181419481e-27
1.862000000000000099e+01,6.157833314040549361e-27
1.864000000000000057e+01,5.752939781936520605e-27
1.866000000000000014e+01,5.374144946924683944e-27
1.867999999999999972e+01,5.019767576365169103e-27
1.869999999999999929e+01,4.688234848182803138e-27
1.871999999999999886e+01,4.378075358950757332e-27
1.874000000000000199e+01,4.087912584766733093e-27
1.876000000000000156e+01,3.816458763376170236e-27
1.878000000000000114e+01,3.562509171448626055e-27
1.880000000000000071e+01,3.324936771328752958e-27
1.882000000000000028e+01,3.102687203457016350e-27
1.883999999999999986e+01,2.894774101851270965e-27
1.885999999999999943e+01,2.700274712411921785e-27
1.887999999999999901e+01,2.518325793537260703e-27
1.890000000000000213e+01,2.348119781863069261e-27
1.892000000000000171e+01,2.188901205385300971e-27
1.894000000000000128e+01,2.039963328229115631e-27
1.896000000000000085e+01,1.900645012078329104e-27
1.898000000000000043e+01,1.770327780232278815e-27
1.900000000000000000e+01,1.648433071413342789e-27
1.901999999999999957e+01,1.534419670894778564e-27
1.903999999999999915e+01,1.427781307650022602e-27
1.905999999999999872e+01,1.328044406665419312e-27
1.908000000000000185e+01,1.234765986715126657e-27
1.910000000000000142e+01,1.147531693875831760e-27
1.912000000000000099e+01,1.065953962362542579e-27
1.914000000000000057e+01,9.896702941968668665e-28
1.916000000000000014e+01,9.183416503276492289e-28
1.917999999999999972e+01,8.516509459438933992e-28
1.919999999999999929e+01,7.893016431748259053e-28
1.921999999999999886e+01,7.310164350709456396e-28
1.924000000000000199e+01,6.765360148881694036e-28
1.926000000000000156e+01,6.256179254240462109e-28
1.928000000000000114e+01,5.780354829444451911e-28
1.930000000000000071e+01,5.335767712263883164e-28
1.932000000000000028e+01,4.920437010243410892e-28
1.933999999999999986e+01,4.532511309743913276e-28
1.935999999999999943e+01,4.170260458488330884e-28
1.937999999999999901e+01,3.832067885755025436e-28
1.940000000000000213e+01,3.516423426999258357e-28
1.942000000000000171e+01,3.221916618228672902e-28
1.944000000000000128e+01,2.947230434396460088e-28
1.946000000000000085e+01,2.691135439784106055e-28
1.948000000000000043e+01,2.452484327635288336e-28
1.950000000000000000e+01,2.230206822258944705e-28
1.951999999999999957e+01,2.023304922936642379e-28
1.953999999999999915e+01,1.830848466943477134e-28
1.955999999999999872e+01,1.651970992538385576e-28
1.958000000000000185e+01,1.485865883951378313e-28
1.960000000000000142e+01,1.331782779977717327e-28
1.962000000000000099e+01,1.189024231599048300e-28
1.964000000000000057e+01,1.056942592352094897e-28
1.966000000000000014e+01,9.349371287174564902e-29
1.967999999999999972e+01,8.224513367426103304e-29
1.969999999999999929e+01,7.189704535553829182e-29
1.971999999999999886e+01,6.240191521122340926e-29
1.974000000000000199e+01,5.371594092791038035e-29
1.976000000000000156e+01,4.579885372192473419e-29
1.978000000000000114e+01,3.861373697921560404e-29
1.980000000000000071e+01,3.212685953813391913e-29
1.982000000000000028e+01,2.630752286866254767e-29
1.983999999999999986e+01,2.112792147023015194e-29
1.985999999999999943e+01,1.656301584350108678e-29
1.987999999999999901e+01,1.259041745806727455e-29
1.990000000000000213e+01,9.190285195881277597e-30
1.992000000000000171e+01,6.345232785130488911e-30
1.994000000000000128e+01,4.040246805665071516e-30
1.996000000000000085e+01,2.262614867724172629e-30
1.998000000000000043e+01,1.001863640280748805e-30
2.000000000000000000e+01,2.497064217850000536e-31
