1.000000000000000038e-25,0.000000000000000000e+00
2.000000000000000042e-02,2.190518822117944707e-03
4.000000000000000083e-02,1.233601682188958503e-03
5.999999999999999778e-02,9.766417387871387679e-04
8.000000000000000167e-02,8.608344376355586431e-04
1.000000000000000056e-01,7.963148042186025261e-04
1.199999999999999956e-01,7.561700149538708431e-04
1.400000000000000133e-01,7.296121663078213894e-04
1.600000000000000033e-01,7.114932178003178197e-04
1.799999999999999933e-01,6.990513034407410797e-04
2.000000000000000111e-01,6.906744160208973726e-04
2.200000000000000011e-01,6.853599867855792154e-04
2.399999999999999911e-01,6.824529038802881666e-04
2.600000000000000089e-01,6.815079520346297662e-04
2.800000000000000266e-01,6.822128357204079903e-04
2.999999999999999889e-01,6.843428048684356817e-04
3.200000000000000067e-01,6.877327249281064026e-04
3.400000000000000244e-01,6.922592428959358684e-04
3.599999999999999867e-01,6.978290363722681154e-04
3.800000000000000044e-01,7.043708570132272643e-04
4.000000000000000222e-01,7.118300133024540750e-04
4.199999999999999845e-01,7.201644636392349943e-04
4.400000000000000022e-01,7.293419977531047415e-04
4.600000000000000200e-01,7.393381692526765185e-04
4.799999999999999822e-01,7.501347564520951475e-04
5.000000000000000000e-01,7.617186011234415924e-04
5.200000000000000178e-01,7.740807218341494347e-04
5.400000000000000355e-01,7.872156296285096663e-04
5.600000000000000533e-01,8.011207947669215460e-04
5.799999999999999600e-01,8.157962275936130438e-04
5.999999999999999778e-01,8.312441465927139592e-04
6.199999999999999956e-01,8.474687137416858553e-04
6.400000000000000133e-01,8.644758223110575370e-04
6.600000000000000311e-01,8.822729259067832366e-04
6.800000000000000488e-01,9.008689002210227073e-04
7.000000000000000666e-01,9.202739309315101455e-04
7.199999999999999734e-01,9.404994226643818150e-04
7.399999999999999911e-01,9.615579250468238998e-04
7.600000000000000089e-01,9.834630727210266418e-04
7.800000000000000266e-01,1.006229536838560996e-03
8.000000000000000444e-01,1.029872986054476388e-03
8.200000000000000622e-01,1.054410055429341655e-03
8.399999999999999689e-01,1.079858321951961781e-03
8.599999999999999867e-01,1.106236285635414651e-03
8.800000000000000044e-01,1.133563355329092730e-03
9.000000000000000222e-01,1.161859838540841260e-03
9.200000000000000400e-01,1.191146934684546256e-03
9.400000000000000577e-01,1.221446731266021424e-03
9.599999999999999645e-01,1.252782202598735125e-03
9.799999999999999822e-01,1.285177210704806445e-03
1.000000000000000000e+00,1.318656508108541868e-03
1.020000000000000018e+00,1.353245742272118435e-03
1.040000000000000036e+00,1.388971461457470021e-03
1.060000000000000053e+00,1.425861121826754903e-03
1.080000000000000071e+00,1.463943095616786726e-03
1.100000000000000089e+00,1.503246680241627099e-03
1.120000000000000107e+00,1.543802108192897501e-03
1.140000000000000124e+00,1.585640557619707059e-03
1.159999999999999920e+00,1.628794163480093210e-03
1.179999999999999938e+00,1.673296029163769605e-03
1.199999999999999956e+00,1.719180238492149480e-03
1.219999999999999973e+00,1.766481868006231862e-03
1.239999999999999991e+00,1.815236999456419555e-03
1.260000000000000009e+00,1.865482732410577837e-03
1.280000000000000027e+00,1.917257196897968318e-03
1.300000000000000044e+00,1.970599566007216752e-03
1.320000000000000062e+00,2.025550068356060489e-03
1.340000000000000080e+00,2.082150000349752839e-03
1.360000000000000098e+00,2.140441738143414319e-03
1.380000000000000115e+00,2.200468749221366066e-03
1.400000000000000133e+00,2.262275603503937586e-03
1.419999999999999929e+00,2.325907983888932020e-03
1.439999999999999947e+00,2.391412696131467452e-03
1.459999999999999964e+00,2.458837677961729466e-03
1.479999999999999982e+00,2.528232007335777434e-03
1.500000000000000000e+00,2.599645909709750059e-03
1.520000000000000018e+00,2.673130764222543011e-03
1.540000000000000036e+00,2.748739108666457386e-03
1.560000000000000053e+00,2.826524643119390605e-03
1.580000000000000071e+00,2.906542232105955356e-03
1.600000000000000089e+00,2.988847905148244322e-03
1.620000000000000107e+00,3.073498855560180890e-03
1.640000000000000124e+00,3.160553437332045985e-03
1.660000000000000142e+00,3.250071159944531354e-03
1.679999999999999938e+00,3.342112680943767032e-03
1.699999999999999956e+00,3.436739796100776734e-03
1.719999999999999973e+00,3.534015426970712418e-03
1.739999999999999991e+00,3.634003605658792449e-03
1.760000000000000009e+00,3.736769456590959514e-03
1.780000000000000027e+00,3.842379175078906167e-03
1.800000000000000044e+00,3.950900002459889308e-03
1.820000000000000062e+00,4.062400197582796343e-03
1.840000000000000080e+00,4.176949004402893961e-03
1.860000000000000098e+00,4.294616615438470383e-03
1.880000000000000115e+00,4.415474130833521062e-03
1.900000000000000133e+00,4.539593512761676622e-03
1.919999999999999929e+00,4.667047534897562563e-03
1.939999999999999947e+00,4.797909726673026815e-03
1.959999999999999964e+00,4.932254312027298596e-03
1.979999999999999982e+00,5.070156142352133695e-03
2.000000000000000000e+00,5.211690623325049287e-03
2.020000000000000018e+00,5.356933635316632122e-03
2.040000000000000036e+00,5.505961447051372672e-03
2.060000000000000053e+00,5.658850622195498239e-03
2.080000000000000071e+00,5.815677918540214375e-03
2.100000000000000089e+00,5.976520179444513858e-03
2.120000000000000107e+00,6.141454217198900542e-03
2.140000000000000124e+00,6.310556687969108916e-03
2.160000000000000142e+00,6.483903957978712045e-03
2.180000000000000160e+00,6.661571960590190536e-03
2.200000000000000178e+00,6.843636043947009390e-03
2.220000000000000195e+00,7.030170808843330503e-03
2.240000000000000213e+00,7.221249936494977817e-03
2.260000000000000231e+00,7.416946005893579677e-03
2.280000000000000249e+00,7.617330300437260421e-03
2.300000000000000266e+00,7.822472603544711189e-03
2.319999999999999840e+00,8.032440982976523161e-03
2.339999999999999858e+00,8.247301563606633870e-03
2.359999999999999876e+00,8.467118288410298288e-03
2.379999999999999893e+00,8.691952667460856735e-03
2.399999999999999911e+00,8.921863514757861699e-03
2.419999999999999929e+00,9.156906672743173048e-03
2.439999999999999947e+00,9.397134724399383923e-03
2.459999999999999964e+00,9.642596692867979810e-03
2.479999999999999982e+00,9.893337728571077044e-03
2.500000000000000000e+00,1.014939878387297045e-02
2.520000000000000018e+00,1.041081627537365079e-02
2.540000000000000036e+00,1.067762173398921315e-02
2.560000000000000053e+00,1.094984144304013418e-02
2.580000000000000071e+00,1.122749606464183009e-02
2.600000000000000089e+00,1.151060025476863605e-02
2.620000000000000107e+00,1.179916226744653039e-02
2.640000000000000124e+00,1.209318354861855377e-02
2.660000000000000142e+00,1.239265832032107779e-02
2.680000000000000160e+00,1.269757315590922322e-02
2.700000000000000178e+00,1.300790654717430030e-02
2.720000000000000195e+00,1.332362846430699445e-02
2.740000000000000213e+00,1.364469990977493219e-02
2.760000000000000231e+00,1.397107246730258656e-02
2.780000000000000249e+00,1.430268784726625338e-02
2.800000000000000266e+00,1.463947742994394473e-02
2.819999999999999840e+00,1.498136180819128332e-02
2.839999999999999858e+00,1.532825033124786233e-02
2.859999999999999876e+00,1.568004065151441112e-02
2.879999999999999893e+00,1.603661827627751030e-02
2.899999999999999911e+00,1.639785612649564961e-02
2.919999999999999929e+00,1.676361410489678877e-02
2.939999999999999947e+00,1.713373867577205195e-02
2.959999999999999964e+00,1.750806245898199262e-02
2.979999999999999982e+00,1.788640384081913171e-02
3.000000000000000000e+00,1.826856660449244218e-02
3.020000000000000018e+00,1.865433958311545071e-02
3.040000000000000036e+00,1.904349633818592374e-02
3.060000000000000053e+00,1.943579486664270134e-02
3.080000000000000071e+00,1.983097733967036438e-02
3.100000000000000089e+00,2.022876987649608466e-02
3.120000000000000107e+00,2.062888235648040192e-02
3.140000000000000124e+00,2.103100827284545837e-02
3.160000000000000142e+00,2.143482463140776451e-02
3.180000000000000160e+00,2.183999189768703886e-02
3.200000000000000178e+00,2.224615399574384617e-02
3.220000000000000195e+00,2.265293836205943892e-02
3.240000000000000213e+00,2.305995605770647799e-02
3.260000000000000231e+00,2.346680194196726008e-02
3.280000000000000249e+00,2.387305491043852437e-02
3.300000000000000266e+00,2.427827820051592020e-02
3.320000000000000284e+00,2.468201976697455974e-02
3.339999999999999858e+00,2.508381273015650517e-02
3.359999999999999876e+00,2.548317589903760852e-02
3.379999999999999893e+00,2.587961437117905494e-02
3.399999999999999911e+00,2.627262021126714267e-02
3.419999999999999929e+00,2.666167320961480847e-02
3.439999999999999947e+00,2.704624172163355017e-02
3.459999999999999964e+00,2.742578358889226353e-02
3.479999999999999982e+00,2.779974714195579746e-02
3.500000000000000000e+00,2.816757228474394206e-02
3.520000000000000018e+00,2.852869165967521908e-02
3.540000000000000036e+00,2.888253189235278143e-02
3.560000000000000053e+00,2.922851491402774990e-02
3.580000000000000071e+00,2.956605935952706654e-02
3.600000000000000089e+00,2.989458203777026202e-02
3.620000000000000107e+00,3.021349947142322120e-02
3.640000000000000124e+00,3.052222950165001808e-02
3.660000000000000142e+00,3.082019295332941167e-02
3.680000000000000160e+00,3.110681535550947896e-02
3.700000000000000178e+00,3.138152871127985327e-02
3.720000000000000195e+00,3.164377331065715282e-02
3.740000000000000213e+00,3.189299957950657294e-02
3.760000000000000231e+00,3.212866995696724015e-02
3.780000000000000249e+00,3.235026079332099791e-02
3.800000000000000266e+00,3.255726425973950316e-02
3.820000000000000284e+00,3.274919026088125851e-02
3.839999999999999858e+00,3.292556834088306017e-02
3.859999999999999876e+00,3.308594957291316474e-02
3.879999999999999893e+00,3.322990842212786983e-02
3.899999999999999911e+00,3.335704457160709735e-02
3.919999999999999929e+00,3.346698470064290998e-02
3.939999999999999947e+00,3.355938420462151878e-02
3.959999999999999964e+00,3.363392884568507796e-02
3.979999999999999982e+00,3.369033632337808254e-02
4.000000000000000000e+00,3.372835775459417929e-02
4.020000000000000462e+00,3.374777905232976410e-02
4.040000000000000036e+00,3.374842219303739177e-02
4.060000000000000497e+00,3.373014636274802858e-02
4.080000000000000071e+00,3.369284897260282907e-02
4.099999999999999645e+00,3.363646653499940270e-02
4.120000000000000107e+00,3.356097539221696013e-02
4.139999999999999680e+00,3.346639229013487205e-02
4.160000000000000142e+00,3.335277479049797433e-02
4.179999999999999716e+00,3.322022151610445895e-02
4.200000000000000178e+00,3.306887222429605311e-02
4.219999999999999751e+00,3.289890770520177699e-02
4.240000000000000213e+00,3.271054950232721303e-02
4.259999999999999787e+00,3.250405945427331522e-02
4.280000000000000249e+00,3.227973905760549156e-02
4.299999999999999822e+00,3.203792865216492647e-02
4.320000000000000284e+00,3.177900643140506298e-02
4.339999999999999858e+00,3.150338728163445956e-02
4.360000000000000320e+00,3.121152145533752018e-02
4.379999999999999893e+00,3.090389308501750865e-02
4.400000000000000355e+00,3.058101854523985821e-02
4.419999999999999929e+00,3.024344467173950557e-02
4.440000000000000391e+00,2.989174684757797684e-02
4.459999999999999964e+00,2.952652696737746371e-02
4.480000000000000426e+00,2.914841129161043626e-02
4.500000000000000000e+00,2.875804820377289572e-02
4.520000000000000462e+00,2.835610588400091364e-02
4.540000000000000036e+00,2.794326991330069870e-02
4.560000000000000497e+00,2.752024082303941924e-02
4.580000000000000071e+00,2.708773160468350150e-02
4.600000000000000533e+00,2.664646519496819202e-02
4.620000000000000107e+00,2.619717195173322521e-02
4.639999999999999680e+00,2.574058713556756639e-02
4.660000000000000142e+00,2.527744841217101357e-02
4.679999999999999716e+00,2.480849338996307663e-02
4.700000000000000178e+00,2.433445720696377976e-02
4.719999999999999751e+00,2.385607018033478882e-02
4.740000000000000213e+00,2.337405553121951057e-02
4.759999999999999787e+00,2.288912719666546039e-02
4.780000000000000249e+00,2.240198773946261435e-02
4.799999999999999822e+00,2.191332636570273232e-02
4.820000000000000284e+00,2.142381705877004910e-02
4.839999999999999858e+00,2.093411683732887552e-02
4.860000000000000320e+00,2.044486414369020219e-02
4.879999999999999893e+00,1.995667736773933110e-02
4.900000000000000355e+00,1.947015351039498368e-02
4.919999999999999929e+00,1.898586698937071437e-02
4.940000000000000391e+00,1.850436858883006477e-02
4.959999999999999964e+00,1.802618455338102221e-02
4.980000000000000426e+00,1.755181582575823102e-02
5.000000000000000000e+00,1.708173742649706991e-02
5.020000000000000462e+00,1.661639797292753171e-02
5.040000000000000036e+00,1.615621933391309800e-02
5.060000000000000497e+00,1.570159641593547178e-02
5.080000000000000071e+00,1.525289707538702438e-02
5.100000000000000533e+00,1.481046215128150462e-02
5.120000000000000107e+00,1.437460561203295073e-02
5.139999999999999680e+00,1.394561480948174406e-02
5.160000000000000142e+00,1.352375083296612074e-02
5.179999999999999716e+00,1.310924895594546558e-02
5.200000000000000178e+00,1.270231916747497497e-02
5.219999999999999751e+00,1.230314678070665649e-02
5.240000000000000213e+00,1.191189311054277958e-02
5.259999999999999787e+00,1.152869621259413821e-02
5.280000000000000249e+00,1.115367167568476203e-02
5.299999999999999822e+00,1.078691346029719486e-02
5.320000000000000284e+00,1.042849477555683746e-02
5.339999999999999858e+00,1.007846898760827135e-02
5.360000000000000320e+00,9.736870552529072742e-03
5.379999999999999893e+00,9.403715967256772931e-03
5.400000000000000355e+00,9.079004732361032823e-03
5.419999999999999929e+00,8.762720320873527285e-03
5.440000000000000391e+00,8.454831147783139350e-03
5.459999999999999964e+00,8.155291535212908990e-03
5.480000000000000426e+00,7.864042668707361960e-03
5.500000000000000000e+00,7.581013540475250653e-03
5.520000000000000462e+00,7.306121875844281272e-03
5.540000000000000036e+00,7.039275039591083236e-03
5.560000000000000497e+00,6.780370919206172090e-03
5.580000000000000071e+00,6.529298782538024183e-03
5.600000000000000533e+00,6.285940107628794175e-03
5.620000000000000107e+00,6.050169382907840190e-03
5.639999999999999680e+00,5.821854876242504341e-03
5.660000000000000142e+00,5.600859371659879654e-03
5.679999999999999716e+00,5.387040872848225179e-03
5.700000000000000178e+00,5.180253272818383450e-03
5.719999999999999751e+00,4.980346989357726031e-03
5.740000000000000213e+00,4.787169566139736626e-03
5.759999999999999787e+00,4.600566239560520236e-03
5.780000000000000249e+00,4.420380471562890962e-03
5.799999999999999822e+00,4.246454448876311322e-03
5.820000000000000284e+00,4.078629549250025084e-03
5.839999999999999858e+00,3.916746775386982515e-03
5.860000000000000320e+00,3.760647157398451686e-03
5.879999999999999893e+00,3.610172124695235941e-03
5.900000000000000355e+00,3.465163848311194131e-03
5.919999999999999929e+00,3.325465554720504445e-03
5.940000000000000391e+00,3.190921812261992251e-03
5.959999999999999964e+00,3.061378791322863589e-03
5.980000000000000426e+00,2.936684499462883114e-03
6.000000000000000000e+00,2.816688992677006051e-03
6.020000000000000462e+00,2.701244564003284394e-03
6.040000000000000036e+00,2.590205910682381006e-03
6.060000000000000497e+00,2.483430281067900737e-03
6.080000000000000071e+00,2.380777602472270577e-03
6.100000000000000533e+00,2.282110591113337486e-03
6.120000000000000107e+00,2.187294845302297994e-03
6.140000000000000568e+00,2.096198922984277187e-03
6.160000000000000142e+00,2.008694404710820083e-03
6.179999999999999716e+00,1.924655943088086083e-03
6.200000000000000178e+00,1.843961299706943805e-03
6.219999999999999751e+00,1.766491370521856060e-03
6.240000000000000213e+00,1.692130200604682411e-03
6.259999999999999787e+00,1.620764989157954129e-03
6.280000000000000249e+00,1.552286085629981131e-03
6.299999999999999822e+00,1.486586977732057670e-03
6.320000000000000284e+00,1.423564272115853280e-03
6.339999999999999858e+00,1.363117668426996974e-03
6.360000000000000320e+00,1.305149927410405222e-03
6.379999999999999893e+00,1.249566833701729312e-03
6.400000000000000355e+00,1.196277153900693118e-03
6.419999999999999929e+00,1.145192590483269874e-03
6.440000000000000391e+00,1.096227732072916359e-03
6.459999999999999964e+00,1.049300000555191065e-03
6.480000000000000426e+00,1.004329595485691992e-03
6.500000000000000000e+00,9.612394362083687051e-04
6.520000000000000462e+00,9.199551020696608529e-04
6.540000000000000036e+00,8.804047710838753486e-04
6.560000000000000497e+00,8.425191573767020718e-04
6.580000000000000071e+00,8.062314477065862404e-04
6.600000000000000533e+00,7.714772373380926604e-04
6.620000000000000107e+00,7.381944655171722956e-04
6.640000000000000568e+00,7.063233507753910673e-04
6.660000000000000142e+00,6.758063262688144158e-04
6.679999999999999716e+00,6.465879753371271514e-04
6.700000000000000178e+00,6.186149674497410560e-04
6.719999999999999751e+00,5.918359946880650700e-04
6.740000000000000213e+00,5.662017088967813460e-04
6.759999999999999787e+00,5.416646596217302529e-04
6.780000000000000249e+00,5.181792329378569510e-04
6.799999999999999822e+00,4.957015912575723918e-04
6.820000000000000284e+00,4.741896141978778562e-04
6.839999999999999858e+00,4.536028405732964045e-04
6.860000000000000320e+00,4.339024115715307698e-04
6.879999999999999893e+00,4.150510151592117706e-04
6.900000000000000355e+00,3.970128317565935856e-04
6.919999999999999929e+00,3.797534812120412239e-04
6.940000000000000391e+00,3.632399711000548715e-04
6.959999999999999964e+00,3.474406463599760339e-04
6.980000000000000426e+00,3.323251402866419092e-04
7.000000000000000000e+00,3.178643268788393221e-04
7.020000000000000462e+00,3.040302745466593338e-04
7.040000000000000036e+00,2.907962011744644692e-04
7.060000000000000497e+00,2.781364305323388462e-04
7.080000000000000071e+00,2.660263500254510510e-04
7.100000000000000533e+00,2.544423697676751524e-04
7.120000000000000107e+00,2.433618829631855479e-04
7.140000000000000568e+00,2.327632275773341823e-04
7.160000000000000142e+00,2.226256492761144847e-04
7.179999999999999716e+00,2.129292656117172931e-04
7.200000000000000178e+00,2.036550314302355987e-04
7.219999999999999751e+00,1.947847054762463879e-04
7.240000000000000213e+00,1.863008181680128605e-04
7.259999999999999787e+00,1.781866405161397656e-04
7.280000000000000249e+00,1.704261541579083329e-04
7.299999999999999822e+00,1.630040224789279936e-04
7.320000000000000284e+00,1.559055627934565239e-04
7.339999999999999858e+00,1.491167195544687975e-04
7.360000000000000320e+00,1.426240385644252215e-04
7.379999999999999893e+00,1.364146421577452310e-04
7.400000000000000355e+00,1.304762053260129489e-04
7.419999999999999929e+00,1.247969327571543273e-04
7.440000000000000391e+00,1.193655367600629849e-04
7.459999999999999964e+00,1.141712160464776661e-04
7.480000000000000426e+00,1.092036353422563084e-04
7.500000000000000000e+00,1.044529058006337269e-04
7.520000000000000462e+00,9.990956619051661225e-05
7.540000000000000036e+00,9.556456483335792353e-05
7.560000000000000497e+00,9.140924226269050458e-05
7.580000000000000071e+00,8.743531458095247957e-05
7.600000000000000533e+00,8.363485748882178909e-05
7.620000000000000107e+00,8.000029096287081471e-05
7.640000000000000568e+00,7.652436455795881380e-05
7.660000000000000142e+00,7.320014331139597093e-05
7.679999999999999716e+00,7.002099422653542066e-05
7.700000000000000178e+00,6.698057331409445342e-05
7.719999999999999751e+00,6.407281317010471715e-05
7.740000000000000213e+00,6.129191107005185941e-05
7.759999999999999787e+00,5.863231755935776728e-05
7.780000000000000249e+00,5.608872552100752529e-05
7.799999999999999822e+00,5.365605970171649386e-05
7.820000000000000284e+00,5.132946667864251011e-05
7.839999999999999858e+00,4.910430524925336025e-05
7.860000000000000320e+00,4.697613722753240969e-05
7.879999999999999893e+00,4.494071863029684428e-05
7.900000000000000355e+00,4.299399123795205721e-05
7.919999999999999929e+00,4.113207451456732584e-05
7.940000000000000391e+00,3.935125787269996953e-05
7.959999999999999964e+00,3.764799326890667924e-05
7.980000000000000426e+00,3.601888811641642055e-05
8.000000000000000000e+00,3.446069850191883403e-05
8.019999999999999574e+00,3.297032269392526928e-05
8.040000000000000924e+00,3.154479493061390318e-05
8.060000000000000497e+00,3.018127947554759109e-05
8.080000000000000071e+00,2.887706493008825457e-05
8.099999999999999645e+00,2.762955879176054309e-05
8.120000000000000995e+00,2.643628224824569930e-05
8.140000000000000568e+00,2.529486519707969280e-05
8.160000000000000142e+00,2.420304148152777542e-05
8.179999999999999716e+00,2.315864433348752279e-05
8.199999999999999289e+00,2.215960201462775336e-05
8.220000000000000639e+00,2.120393364733269776e-05
8.240000000000000213e+00,2.028974522736169466e-05
8.259999999999999787e+00,1.941522581045359067e-05
8.279999999999999361e+00,1.857864386543125801e-05
8.300000000000000711e+00,1.777834378666191042e-05
8.320000000000000284e+00,1.701274255902346841e-05
8.339999999999999858e+00,1.628032656881034078e-05
8.359999999999999432e+00,1.557964855428326352e-05
8.380000000000000782e+00,1.490932468983211819e-05
8.400000000000000355e+00,1.426803179796852421e-05
8.419999999999999929e+00,1.365450468361268903e-05
8.439999999999999503e+00,1.306753358536554384e-05
8.460000000000000853e+00,1.250596173868544119e-05
8.480000000000000426e+00,1.196868304610335917e-05
8.500000000000000000e+00,1.145463984981295555e-05
8.519999999999999574e+00,1.096282080217471850e-05
8.540000000000000924e+00,1.049225882986103774e-05
8.560000000000000497e+00,1.004202918755126752e-05
8.580000000000000071e+00,9.611247597261679982e-06
8.599999999999999645e+00,9.199068469565311923e-06
8.620000000000000995e+00,8.804683203111948861e-06
8.640000000000000568e+00,8.427318559019358793e-06
8.660000000000000142e+00,8.066235106850465158e-06
8.679999999999999716e+00,7.720725739036699315e-06
8.700000000000001066e+00,7.390114250738565723e-06
8.720000000000000639e+00,7.073753982271064177e-06
8.740000000000000213e+00,6.771026521341801526e-06
8.759999999999999787e+00,6.481340462470950023e-06
8.779999999999999361e+00,6.204130221076798641e-06
8.800000000000000711e+00,5.938854899819905858e-06
8.820000000000000284e+00,5.684997204903840284e-06
8.839999999999999858e+00,5.442062410132318162e-06
8.859999999999999432e+00,5.209577366616215954e-06
8.880000000000000782e+00,4.987089556119282450e-06
8.900000000000000355e+00,4.774166186116082387e-06
8.919999999999999929e+00,4.570393324724351480e-06
8.939999999999999503e+00,4.375375073750294336e-06
8.960000000000000853e+00,4.188732778165836683e-06
8.980000000000000426e+00,4.010104270408842872e-06
9.000000000000000000e+00,3.839143147969653817e-06
9.019999999999999574e+00,3.675518082793747326e-06
9.040000000000000924e+00,3.518912161095252938e-06
9.060000000000000497e+00,3.369022252238981973e-06
9.080000000000000071e+00,3.225558405406255925e-06
9.099999999999999645e+00,3.088243272817918925e-06
9.120000000000000995e+00,2.956811558340670727e-06
9.140000000000000568e+00,2.831009490356240875e-06
9.160000000000000142e+00,2.710594317821261087e-06
9.179999999999999716e+00,2.595333828493475310e-06
9.200000000000001066e+00,2.485005888344862796e-06
9.220000000000000639e+00,2.379398001226205535e-06
9.240000000000000213e+00,2.278306887888585797e-06
9.259999999999999787e+00,2.181538083506634936e-06
9.279999999999999361e+00,2.088905552886656560e-06
9.300000000000000711e+00,2.000231322578967179e-06
9.320000000000000284e+00,1.915345129147086657e-06
9.339999999999999858e+00,1.834084082882146493e-06
9.359999999999999432e+00,1.756292346278653086e-06
9.380000000000000782e+00,1.681820826622228378e-06
9.400000000000000355e+00,1.610526882064638330e-06
9.419999999999999929e+00,1.542274040592653597e-06
9.439999999999999503e+00,1.476931731320545229e-06
9.460000000000000853e+00,1.414375027563644207e-06
9.480000000000000426e+00,1.354484401172831957e-06
9.500000000000000000e+00,1.297145487633705985e-06
9.519999999999999574e+00,1.242248861455724313e-06
9.540000000000000924e+00,1.189689821398075038e-06
9.560000000000000497e+00,1.139368185098437667e-06
9.580000000000000071e+00,1.091188092690706697e-06
9.599999999999999645e+00,1.045057819015515888e-06
9.620000000000000995e+00,1.000889594045508083e-06
9.640000000000000568e+00,9.585994311632803921e-07
9.660000000000000142e+00,9.181069629466771601e-07
9.679999999999999716e+00,8.793352841309960574e-07
9.700000000000001066e+00,8.422108014323741779e-07
9.720000000000000639e+00,8.066630899305947396e-07
9.740000000000000213e+00,7.726247557228345539e-07
9.759999999999999787e+00,7.400313045729028656e-07
9.779999999999999361e+00,7.088210162922328221e-07
9.800000000000000711e+00,6.789348246010018329e-07
9.820000000000000284e+00,6.503162022286287537e-07
9.839999999999999858e+00,6.229110510234872292e-07
9.859999999999999432e+00,5.966675968521706487e-07
9.880000000000000782e+00,5.715362890778831768e-07
9.900000000000000355e+00,5.474697044172526151e-07
9.919999999999999929e+00,5.244224549834026461e-07
9.939999999999999503e+00,5.023511003318677354e-07
9.960000000000000853e+00,4.812140633337089853e-07
9.980000000000000426e+00,4.609715497083132880e-07
1.000000000000000000e+01,4.415854710555027946e-07
1.001999999999999957e+01,4.230193712335904913e-07
1.004000000000000092e+01,4.052383559371559387e-07
1.006000000000000050e+01,3.882090253341660553e-07
1.008000000000000007e+01,3.718994096289334133e-07
1.009999999999999964e+01,3.562789074226514581e-07
1.012000000000000099e+01,3.413182267494219411e-07
1.014000000000000057e+01,3.269893286706316021e-07
1.016000000000000014e+01,3.132653733159854254e-07
1.017999999999999972e+01,3.001206682643364351e-07
1.020000000000000107e+01,2.875306191620774284e-07
1.022000000000000064e+01,2.754716824814016774e-07
1.024000000000000021e+01,2.639213203251654870e-07
1.025999999999999979e+01,2.528579571889069320e-07
1.027999999999999936e+01,2.422609385947458396e-07
1.030000000000000071e+01,2.321104915155716566e-07
1.032000000000000028e+01,2.223876865114338002e-07
1.033999999999999986e+01,2.130744015035825457e-07
1.035999999999999943e+01,2.041532871147864083e-07
1.038000000000000078e+01,1.956077335077341782e-07
1.040000000000000036e+01,1.874218386563517658e-07
1.041999999999999993e+01,1.795803779876458578e-07
1.043999999999999950e+01,1.720687753344494056e-07
1.046000000000000085e+01,1.648730751420896751e-07
1.048000000000000043e+01,1.579799158744552669e-07
1.050000000000000000e+01,1.513765045673209035e-07
1.051999999999999957e+01,1.450505924791323876e-07
1.054000000000000092e+01,1.389904517915533983e-07
1.056000000000000050e+01,1.331848533142044967e-07
1.058000000000000007e+01,1.276230451500391366e-07
1.059999999999999964e+01,1.222947322796242948e-07
1.062000000000000099e+01,1.171900570245239604e-07
1.064000000000000057e+01,1.122995803516365479e-07
1.066000000000000014e+01,1.076142639820409210e-07
1.067999999999999972e+01,1.031254532695117166e-07
1.070000000000000107e+01,9.882486081533473259e-08
1.072000000000000064e+01,9.470455078754540861e-08
1.074000000000000021e+01,9.075692391412026808e-08
1.075999999999999979e+01,8.697470312093092455e-08
1.077999999999999936e+01,8.335091978658107968e-08
1.080000000000000071e+01,7.987890058744019699e-08
1.082000000000000028e+01,7.655225490736006751e-08
1.083999999999999986e+01,7.336486278768052594e-08
1.085999999999999943e+01,7.031086339416153379e-08
1.088000000000000078e+01,6.738464397852929956e-08
1.090000000000000036e+01,6.458082931328453510e-08
1.091999999999999993e+01,6.189427157932625388e-08
1.093999999999999950e+01,5.932004068687204401e-08
1.096000000000000085e+01,5.685341501096834499e-08
1.098000000000000043e+01,5.448987252372203875e-08
1.100000000000000000e+01,5.222508230615723889e-08
1.101999999999999957e+01,5.005489642331377515e-08
1.104000000000000092e+01,4.797534214696987214e-08
1.106000000000000050e+01,4.598261451098910114e-08
1.108000000000000007e+01,4.407306918499119412e-08
1.109999999999999964e+01,4.224321565263708809e-08
1.112000000000000099e+01,4.048971068141601709e-08
1.114000000000000057e+01,3.880935207140686931e-08
1.116000000000000014e+01,3.719907267101355593e-08
1.117999999999999972e+01,3.565593464819487846e-08
1.120000000000000107e+01,3.417712400621212184e-08
1.122000000000000064e+01,3.275994533339400359e-08
1.124000000000000021e+01,3.140181677685323658e-08
1.125999999999999979e+01,3.010026523056128295e-08
1.127999999999999936e+01,2.885292172856024058e-08
1.130000000000000071e+01,2.765751703452674720e-08
1.132000000000000028e+01,2.651187741925429972e-08
1.133999999999999986e+01,2.541392061799728255e-08
1.135999999999999943e+01,2.436165195997333064e-08
1.138000000000000078e+01,2.335316066263525317e-08
1.140000000000000036e+01,2.238661628366068713e-08
1.141999999999999993e+01,2.146026532390344029e-08
1.143999999999999950e+01,2.057242797484151141e-08
1.146000000000000085e+01,1.972149500433531712e-08
1.148000000000000043e+01,1.890592477477894536e-08
1.150000000000000000e+01,1.812424038798517636e-08
1.151999999999999957e+01,1.737502695137399619e-08
1.154000000000000092e+01,1.665692896028828176e-08
1.156000000000000050e+01,1.596864779146970240e-08
1.158000000000000007e+01,1.530893930294049189e-08
1.159999999999999964e+01,1.467661153575629802e-08
1.162000000000000099e+01,1.407052251326897698e-08
1.164000000000000057e+01,1.348957813374376755e-08
1.166000000000000014e+01,1.293273015234078704e-08
1.167999999999999972e+01,1.239897424865698785e-08
1.170000000000000107e+01,1.188734817616664452e-08
1.172000000000000064e+01,1.139692999007784143e-08
1.174000000000000021e+01,1.092683635025929047e-08
1.175999999999999979e+01,1.047622089603734321e-08
1.177999999999999936e+01,1.004427268980026389e-08
1.180000000000000071e+01,9.630214726482817446e-09
1.182000000000000028e+01,9.233302506120477605e-09
1.183999999999999986e+01,8.852822666792908416e-09
1.185999999999999943e+01,8.488091675386149743e-09
1.188000000000000078e+01,8.138454573709732625e-09
1.190000000000000036e+01,7.803283777618980716e-09
1.191999999999999993e+01,7.481977926887054169e-09
1.193999999999999950e+01,7.173960783668010489e-09
1.196000000000000085e+01,6.878680177487841774e-09
1.198000000000000043e+01,6.595606994784376854e-09
1.200000000000000000e+01,6.324234211107347643e-09
1.201999999999999957e+01,6.064075964162619141e-09
1.204000000000000092e+01,5.814666665970811089e-09
1.206000000000000050e+01,5.575560152478798259e-09
1.208000000000000007e+01,5.346328869032592230e-09
1.209999999999999964e+01,5.126563090195825124e-09
1.212000000000000099e+01,4.915870172451708365e-09
1.214000000000000057e+01,4.713873838398783187e-09
1.216000000000000014e+01,4.520213491101690924e-09
1.217999999999999972e+01,4.334543557324367204e-09
1.220000000000000107e+01,4.156532858417306777e-09
1.222000000000000064e+01,3.985864007690215188e-09
1.224000000000000021e+01,3.822232833148665831e-09
1.225999999999999979e+01,3.665347824520536848e-09
1.228000000000000114e+01,3.514929603544335187e-09
1.230000000000000071e+01,3.370710416537060111e-09
1.232000000000000028e+01,3.232433648296261571e-09
1.233999999999999986e+01,3.099853356437397496e-09
1.235999999999999943e+01,2.972733825300552260e-09
1.238000000000000078e+01,2.850849138600228660e-09
1.240000000000000036e+01,2.733982770027156171e-09
1.241999999999999993e+01,2.621927191041664778e-09
1.243999999999999950e+01,2.514483495135978302e-09
1.246000000000000085e+01,2.411461037866300374e-09
1.248000000000000043e+01,2.312677091992355891e-09
1.250000000000000000e+01,2.217956517085466612e-09
1.251999999999999957e+01,2.127131442994831891e-09
1.254000000000000092e+01,2.040040966587941906e-09
1.256000000000000050e+01,1.956530861205325992e-09
1.258000000000000007e+01,1.876453298293219394e-09
1.259999999999999964e+01,1.799666580702165825e-09
1.262000000000000099e+01,1.726034887158689554e-09
1.264000000000000057e+01,1.655428027440493549e-09
1.266000000000000014e+01,1.587721207803634248e-09
1.267999999999999972e+01,1.522794806230520985e-09
1.270000000000000107e+01,1.460534157085538345e-09
1.272000000000000064e+01,1.400829344782094042e-09
1.274000000000000021e+01,1.343575006081956384e-09
1.275999999999999979e+01,1.288670140664233539e-09
1.278000000000000114e+01,1.236017929615962086e-09
1.280000000000000071e+01,1.185525561510988916e-09
1.282000000000000028e+01,1.137104065759469206e-09
1.283999999999999986e+01,1.090668152920760627e-09
1.285999999999999943e+01,1.046136061688683113e-09
1.288000000000000078e+01,1.003429412267808682e-09
1.290000000000000036e+01,9.624730658735087151e-10
1.291999999999999993e+01,9.231949900976657238e-10
1.293999999999999950e+01,8.855261298946413524e-10
1.296000000000000085e+01,8.494002839514987474e-10
1.298000000000000043e+01,8.147539862162063145e-10
1.300000000000000000e+01,7.815263923682510113e-10
1.301999999999999957e+01,7.496591710238745446e-10
1.304000000000000092e+01,7.190963994776412526e-10
1.306000000000000050e+01,6.897844637902003847e-10
1.308000000000000007e+01,6.616719630403669602e-10
1.309999999999999964e+01,6.347096175667886051e-10
1.312000000000000099e+01,6.088501810321313567e-10
1.314000000000000057e+01,5.840483561502082667e-10
1.316000000000000014e+01,5.602607139219658727e-10
1.317999999999999972e+01,5.374456162341179550e-10
1.320000000000000107e+01,5.155631416796186208e-10
1.322000000000000064e+01,4.945750144646669938e-10
1.324000000000000021e+01,4.744445362742573672e-10
1.325999999999999979e+01,4.551365209711614785e-10
1.328000000000000114e+01,4.366172320112977801e-10
1.330000000000000071e+01,4.188543224609915879e-10
1.332000000000000028e+01,4.018167775077011348e-10
1.333999999999999986e+01,3.854748593603754589e-10
1.335999999999999943e+01,3.698000544389586924e-10
1.338000000000000078e+01,3.547650227583047359e-10
1.340000000000000036e+01,3.403435494140916144e-10
1.341999999999999993e+01,3.265104980836256935e-10
1.343999999999999950e+01,3.132417664570143357e-10
1.346000000000000085e+01,3.005142435184328944e-10
1.348000000000000043e+01,2.883057686002545690e-10
1.350000000000000000e+01,2.765950921361764603e-10
1.351999999999999957e+01,2.653618380423753672e-10
1.354000000000000092e+01,2.545864676589183298e-10
1.356000000000000050e+01,2.442502451864679804e-10
1.358000000000000007e+01,2.343352045558501585e-10
1.359999999999999964e+01,2.248241176709033672e-10
1.362000000000000099e+01,2.157004639673817855e-10
1.364000000000000057e+01,2.069484012330970098e-10
1.366000000000000014e+01,1.985527376369010237e-10
1.367999999999999972e+01,1.904989049160510384e-10
1.370000000000000107e+01,1.827729326737866035e-10
1.372000000000000064e+01,1.753614237411383741e-10
1.374000000000000021e+01,1.682515305583912760e-10
1.375999999999999979e+01,1.614309325339807061e-10
1.378000000000000114e+01,1.548878143402480134e-10
1.380000000000000071e+01,1.486108451069143941e-10
1.382000000000000028e+01,1.425891584751709697e-10
1.383999999999999986e+01,1.368123334764742953e-10
1.385999999999999943e+01,1.312703762018889252e-10
1.388000000000000078e+01,1.259537022291124020e-10
1.390000000000000036e+01,1.208531197756645267e-10
1.391999999999999993e+01,1.159598135482515567e-10
1.393999999999999950e+01,1.112653292591998551e-10
1.396000000000000085e+01,1.067615587824990520e-10
1.398000000000000043e+01,1.024407259227030248e-10
1.400000000000000000e+01,9.829537277145234616e-11
1.401999999999999957e+01,9.431834662713024367e-11
1.404000000000000092e+01,9.050278745437086363e-11
1.406000000000000050e+01,8.684211586098760725e-11
1.408000000000000007e+01,8.333002157091794293e-11
1.409999999999999964e+01,7.996045237262733056e-11
1.412000000000000099e+01,7.672760352324140266e-11
1.414000000000000057e+01,7.362590758957272748e-11
1.416000000000000014e+01,7.065002470791867855e-11
1.417999999999999972e+01,6.779483324530537125e-11
1.420000000000000107e+01,6.505542084556653565e-11
1.422000000000000064e+01,6.242707584431035592e-11
1.424000000000000021e+01,5.990527903751566355e-11
1.425999999999999979e+01,5.748569578915504512e-11
1.428000000000000114e+01,5.516416846377445139e-11
1.430000000000000071e+01,5.293670917062971205e-11
1.432000000000000028e+01,5.079949280647493039e-11
1.433999999999999986e+01,4.874885038468192212e-11
1.435999999999999943e+01,4.678126263882525122e-11
1.438000000000000078e+01,4.489335388940839188e-11
1.440000000000000036e+01,4.308188616287741824e-11
1.441999999999999993e+01,4.134375355245078089e-11
1.443999999999999950e+01,3.967597681083966203e-11
1.446000000000000085e+01,3.807569816523421680e-11
1.448000000000000043e+01,3.654017634539594242e-11
1.450000000000000000e+01,3.506678181609553721e-11
1.451999999999999957e+01,3.365299220539293005e-11
1.454000000000000092e+01,3.229638792074707904e-11
1.456000000000000050e+01,3.099464794516468083e-11
1.458000000000000007e+01,2.974554580598482118e-11
1.459999999999999964e+01,2.854694570916390950e-11
1.462000000000000099e+01,2.739679883225853237e-11
1.464000000000000057e+01,2.629313976954116155e-11
1.466000000000000014e+01,2.523408312299125372e-11
1.467999999999999972e+01,2.421782023315917307e-11
1.470000000000000107e+01,2.324261604412252462e-11
1.472000000000000064e+01,2.230680609703298686e-11
1.474000000000000021e+01,2.140879364692721485e-11
1.475999999999999979e+01,2.054704689776650976e-11
1.478000000000000114e+01,1.972009635080298544e-11
1.480000000000000071e+01,1.892653226162245571e-11
1.482000000000000028e+01,1.816500220140526102e-11
1.483999999999999986e+01,1.743420871807769417e-11
1.485999999999999943e+01,1.673290709330063633e-11
1.488000000000000078e+01,1.605990319130065427e-11
1.490000000000000036e+01,1.541405139579857613e-11
1.491999999999999993e+01,1.479425263140697893e-11
1.493999999999999950e+01,1.419945246601602838e-11
1.496000000000000085e+01,1.362863929085225684e-11
1.498000000000000043e+01,1.308084257500868792e-11
1.500000000000000000e+01,1.255513119138293839e-11
1.501999999999999957e+01,1.205061181110899273e-11
1.504000000000000092e+01,1.156642736365038903e-11
1.506000000000000050e+01,1.110175555986302495e-11
1.508000000000000007e+01,1.065580747545237345e-11
1.509999999999999964e+01,1.022782619233398278e-11
1.512000000000000099e+01,9.817085495529695395e-12
1.514000000000000057e+01,9.422888623304560112e-12
1.516000000000000014e+01,9.044567068394516129e-12
1.517999999999999972e+01,8.681479428183119792e-12
1.520000000000000107e+01,8.333010301861270705e-12
1.522000000000000064e+01,7.998569232615462819e-12
1.524000000000000021e+01,7.677589693016938878e-12
1.525999999999999979e+01,7.369528111822981470e-12
1.528000000000000114e+01,7.073862940515149659e-12
1.530000000000000071e+01,6.790093757921768113e-12
1.532000000000000028e+01,6.517740411388630633e-12
1.533999999999999986e+01,6.256342192979272678e-12
1.535999999999999943e+01,6.005457049285818452e-12
1.538000000000000078e+01,5.764660823464469517e-12
1.540000000000000036e+01,5.533546528182963933e-12
1.541999999999999993e+01,5.311723648209810302e-12
1.543999999999999950e+01,5.098817471437059698e-12
1.546000000000000085e+01,4.894468447165923073e-12
1.548000000000000043e+01,4.698331570546482538e-12
1.550000000000000000e+01,4.510075792098749082e-12
1.551999999999999957e+01,4.329383451290160880e-12
1.554000000000000092e+01,4.155949733183694952e-12
1.556000000000000050e+01,3.989482147218754339e-12
1.558000000000000007e+01,3.829700027210750192e-12
1.559999999999999964e+01,3.676334051712707208e-12
1.562000000000000099e+01,3.529125783899589271e-12
1.564000000000000057e+01,3.387827230178344634e-12
1.566000000000000014e+01,3.252200416763683537e-12
1.567999999999999972e+01,3.122016983479517246e-12
1.570000000000000107e+01,2.997057794086355844e-12
1.572000000000000064e+01,2.877112562459027812e-12
1.574000000000000021e+01,2.761979493967139981e-12
1.575999999999999979e+01,2.651464941438457025e-12
1.578000000000000114e+01,2.545383075108995952e-12
1.580000000000000071e+01,2.443555565990638373e-12
1.582000000000000028e+01,2.345811282107299004e-12
1.583999999999999986e+01,2.251985997076986147e-12
1.586000000000000121e+01,2.161922110531760637e-12
1.588000000000000078e+01,2.075468379898026921e-12
1.590000000000000036e+01,1.992479663071584848e-12
1.591999999999999993e+01,1.912816671542379810e-12
1.593999999999999950e+01,1.836345733545415805e-12
1.596000000000000085e+01,1.762938566826883372e-12
1.598000000000000043e+01,1.692472060634851441e-12
1.600000000000000000e+01,1.624828066559086082e-12
1.601999999999999957e+01,1.559893197859068722e-12
1.603999999999999915e+01,1.497558636934133895e-12
1.605999999999999872e+01,1.437719950605188872e-12
1.608000000000000185e+01,1.380276912888246678e-12
1.610000000000000142e+01,1.325133334957325695e-12
1.612000000000000099e+01,1.272196902001456589e-12
1.614000000000000057e+01,1.221379016697756652e-12
1.616000000000000014e+01,1.172594649028443062e-12
1.617999999999999972e+01,1.125762192187564971e-12
1.619999999999999929e+01,1.080803324325013249e-12
1.621999999999999886e+01,1.037642875895501019e-12
1.624000000000000199e+01,9.962087023797595553e-13
1.626000000000000156e+01,9.564315621636982596e-13
1.628000000000000114e+01,9.182449993622720120e-13
1.630000000000000071e+01,8.815852313903209688e-13
1.632000000000000028e+01,8.463910410848824173e-13
1.633999999999999986e+01,8.126036731957505499e-13
1.635999999999999943e+01,7.801667350657013952e-13
1.637999999999999901e+01,7.490261013309978863e-13
1.639999999999999858e+01,7.191298224781834798e-13
1.642000000000000171e+01,6.904280371016065076e-13
1.644000000000000128e+01,6.628728877099711274e-13
1.646000000000000085e+01,6.364184399391225124e-13
1.648000000000000043e+01,6.110206050325207001e-13
1.650000000000000000e+01,5.866370654560448610e-13
1.651999999999999957e+01,5.632272035209660836e-13
1.653999999999999915e+01,5.407520328922189310e-13
1.655999999999999872e+01,5.191741328657126044e-13
1.658000000000000185e+01,4.984575853014082553e-13
1.660000000000000142e+01,4.785679141057850195e-13
1.662000000000000099e+01,4.594720271586889812e-13
1.664000000000000057e+01,4.411381605869761823e-13
1.666000000000000014e+01,4.235358252888922169e-13
1.667999999999999972e+01,4.066357556183527329e-13
1.669999999999999929e+01,3.904098601413946708e-13
1.671999999999999886e+01,3.748311743811610624e-13
1.674000000000000199e+01,3.598738154704792302e-13
1.676000000000000156e+01,3.455129386348124229e-13
1.678000000000000114e+01,3.317246954321186353e-13
1.680000000000000071e+01,3.184861936772266480e-13
1.682000000000000028e+01,3.057754589839014331e-13
1.683999999999999986e+01,2.935713978578738649e-13
1.685999999999999943e+01,2.818537622791171357e-13
1.687999999999999901e+01,2.706031157123264320e-13
1.689999999999999858e+01,2.598008004882136914e-13
1.692000000000000171e+01,2.494289065000786541e-13
1.694000000000000128e+01,2.394702411622562575e-13
1.696000000000000085e+01,2.299083005797876277e-13
1.698000000000000043e+01,2.207272418801714871e-13
1.700000000000000000e+01,2.119118566596044650e-13
1.701999999999999957e+01,2.034475454999412807e-13
1.703999999999999915e+01,1.953202935117368574e-13
1.705999999999999872e+01,1.875166468629059174e-13
1.708000000000000185e+01,1.800236902525759992e-13
1.710000000000000142e+01,1.728290252921698195e-13
1.712000000000000099e+01,1.659207497570281074e-13
1.714000000000000057e+01,1.592874376735725786e-13
1.716000000000000014e+01,1.529181202078066156e-13
1.717999999999999972e+01,1.468022673233226998e-13
1.719999999999999929e+01,1.409297701774305593e-13
1.721999999999999886e+01,1.352909242257001806e-13
1.724000000000000199e+01,1.298764130061987112e-13
1.726000000000000156e+01,1.246772925763748845e-13
1.728000000000000114e+01,1.196849765756732411e-13
1.730000000000000071e+01,1.148912218891740778e-13
1.732000000000000028e+01,1.102881148875780894e-13
1.733999999999999986e+01,1.058680582206161133e-13
1.735999999999999943e+01,1.016237581413809693e-13
1.737999999999999901e+01,9.754821234017408100e-14
1.740000000000000213e+01,9.363469826748017857e-14
1.742000000000000171e+01,8.987676192606061672e-14
1.744000000000000128e+01,8.626820711369168975e-14
1.746000000000000085e+01,8.280308509781201653e-14
1.748000000000000043e+01,7.947568470521489127e-14
1.750000000000000000e+01,7.628052280978340083e-14
1.751999999999999957e+01,7.321233520217583659e-14
1.753999999999999915e+01,7.026606782629943093e-14
1.755999999999999872e+01,6.743686836768157716e-14
1.758000000000000185e+01,6.472007817938414204e-14
1.760000000000000142e+01,6.211122453230029820e-14
1.762000000000000099e+01,5.960601317632949906e-14
1.764000000000000057e+01,5.720032120027089241e-14
1.766000000000000014e+01,5.489019017809367719e-14
1.767999999999999972e+01,5.267181959033459073e-14
1.769999999999999929e+01,5.054156050932250408e-14
1.771999999999999886e+01,4.849590953788689690e-14
1.774000000000000199e+01,4.653150299103588238e-14
1.776000000000000156e+01,4.464511131110304446e-14
1.778000000000000114e+01,4.283363370677768260e-14
1.780000000000000071e+01,4.109409300713127083e-14
1.782000000000000028e+01,3.942363072197473370e-14
1.783999999999999986e+01,3.781950230024656134e-14
1.785999999999999943e+01,3.627907257844448382e-14
1.787999999999999901e+01,3.479981141150151932e-14
1.790000000000000213e+01,3.337928947872458289e-14
1.792000000000000171e+01,3.201517425786106987e-14
1.794000000000000128e+01,3.070522616042216413e-14
1.796000000000000085e+01,2.944729482186737381e-14
1.798000000000000043e+01,2.823931554040412864e-14
1.800000000000000000e+01,2.707930585842677330e-14
1.801999999999999957e+01,2.596536228090636719e-14
1.803999999999999915e+01,2.489565712513834260e-14
1.805999999999999872e+01,2.386843549673187963e-14
1.808000000000000185e+01,2.288201238660352309e-14
1.810000000000000142e+01,2.193476988429230941e-14
1.812000000000000099e+01,2.102515450274539496e-14
1.814000000000000057e+01,2.015167461029763199e-14
1.816000000000000014e+01,1.931289796536292008e-14
1.817999999999999972e+01,1.850744934988550624e-14
1.819999999999999929e+01,1.773400829743356561e-14
1.821999999999999886e+01,1.699130691226868996e-14
1.824000000000000199e+01,1.627812777570919040e-14
1.826000000000000156e+01,1.559330193624694851e-14
1.828000000000000114e+01,1.493570698010916931e-14
1.830000000000000071e+01,1.430426517903086396e-14
1.832000000000000028e+01,1.369794171213694606e-14
1.833999999999999986e+01,1.311574295897999483e-14
1.835999999999999943e+01,1.255671486089053283e-14
1.837999999999999901e+01,1.201994134786798033e-14
1.840000000000000213e+01,1.150454282845545695e-14
1.842000000000000171e+01,1.100967474002038458e-14
1.844000000000000128e+01,1.053452615706208114e-14
1.846000000000000085e+01,1.007831845518941845e-14
1.848000000000000043e+01,9.640304028597769118e-15
1.850000000000000000e+01,9.219765058852513886e-15
1.851999999999999957e+01,8.816012332968359563e-15
1.853999999999999915e+01,8.428384108805491781e-15
1.855999999999999872e+01,8.056245025879096353e-15
1.858000000000000185e+01,7.698985059789599159e-15
1.860000000000000142e+01,7.356018518516902288e-15
1.862000000000000099e+01,7.026783078941095838e-15
1.864000000000000057e+01,6.710738861936327002e-15
1.866000000000000014e+01,6.407367544549895957e-15
1.867999999999999972e+01,6.116171507749236925e-15
1.869999999999999929e+01,5.836673018362923198e-15
1.871999999999999886e+01,5.568413443810404328e-15
1.874000000000000199e+01,5.310952498363404309e-15
1.876000000000000156e+01,5.063867519633213242e-15
1.878000000000000114e+01,4.826752774131250443e-15
1.880000000000000071e+01,4.599218790724192493e-15
1.882000000000000028e+01,4.380891720875920940e-15
1.883999999999999986e+01,4.171412724635096588e-15
1.885999999999999943e+01,3.970437381318948970e-15
1.887999999999999901e+01,3.777635123937863948e-15
1.890000000000000213e+01,3.592688696418509808e-15
1.892000000000000171e+01,3.415293632715063266e-15
1.894000000000000128e+01,3.245157756954983169e-15
1.896000000000000085e+01,3.082000703787361694e-15
1.898000000000000043e+01,2.925553458135206724e-15
1.900000000000000000e+01,2.775557913588395792e-15
1.901999999999999957e+01,2.631766448711924657e-15
1.903999999999999915e+01,2.493941520559650443e-15
1.905999999999999872e+01,2.361855274720982410e-15
1.908000000000000185e+01,2.235289171259320029e-15
1.910000000000000142e+01,2.114033625911590205e-15
1.912000000000000099e+01,1.997887665961829146e-15
1.914000000000000057e+01,1.886658600222476159e-15
1.916000000000000014e+01,1.780161702558267049e-15
1.917999999999999972e+01,1.678219908454524358e-15
1.919999999999999929e+01,1.580663524099828935e-15
1.921999999999999886e+01,1.487329947519600098e-15
1.924000000000000199e+01,1.398063401290196862e-15
1.926000000000000156e+01,1.312714676389429323e-15
1.928000000000000114e+01,1.231140886762334552e-15
1.930000000000000071e+01,1.153205234192137336e-15
1.932000000000000028e+01,1.078776783088748525e-15
1.933999999999999986e+01,1.007730244814274398e-15
1.935999999999999943e+01,9.399457711985236620e-16
1.937999999999999901e+01,8.753087568886376745e-16
1.940000000000000213e+01,8.137096502154029340e-16
1.942000000000000171e+01,7.550437722532106337e-16
1.944000000000000128e+01,6.992111437790831986e-16
1.946000000000000085e+01,6.461163198388586011e-16
1.948000000000000043e+01,5.956682316417875683e-16
1.950000000000000000e+01,5.477800355317058504e-16
1.951999999999999957e+01,5.023689687655540738e-16
1.953999999999999915e+01,4.593562118764797308e-16
1.955999999999999872e+01,4.186667573731757190e-16
1.958000000000000185e+01,3.802292845732626348e-16
1.960000000000000142e+01,3.439760403445565889e-16
1.962000000000000099e+01,3.098427255680669462e-16
1.964000000000000057e+01,2.777683871206236460e-16
1.966000000000000014e+01,2.476953152026460576e-16
1.967999999999999972e+01,2.195689458325963191e-16
1.969999999999999929e+01,1.933377683475295356e-16
1.971999999999999886e+01,1.689532377477618073e-16
1.974000000000000199e+01,1.463696917432897680e-16
1.976000000000000156e+01,1.255442723525717424e-16
1.978000000000000114e+01,1.064368519252719088e-16
1.980000000000000071e+01,8.900996345984342260e-17
1.982000000000000028e+01,7.322873509505800010e-17
1.983999999999999986e+01,5.906082866280709659e-17
1.985999999999999943e+01,4.647638219411387490e-17
1.987999999999999901e+01,3.544795627908301494e-17
1.990000000000000213e+01,2.595048418333337213e-17
1.992000000000000171e+01,1.796122563463185723e-17
1.994000000000000128e+01,1.145972419514850607e-17
1.996000000000000085e+01,6.427768142267269420e-18
1.998000000000000043e+01,2.849354786033270815e-18
2.000000000000000000e+01,7.106581565872404099e-19
